Num       RefCount Protocol Flags    Type St Inode Path
0000000000000000: 00000002 00000000 00010000 0001 01 116994 @webview_devtools_remote_6320
0000000000000000: 00000002 00000000 00010000 0001 01  7946 /dev/socket/logd
0000000000000000: 00000002 00000000 00010000 0005 01  7949 /dev/socket/logdr
0000000000000000: 00000070 00000000 00000000 0002 01  7952 /dev/socket/logdw
0000000000000000: 00000002 00000000 00010000 0005 01  7961 /dev/socket/lmkd
0000000000000000: 00000002 00000000 00000000 0002 01 13880 /data/system/unsolzygotesocket
0000000000000000: 00000002 00000000 00010000 0001 01 15250 /data/system/ndebugsocket
0000000000000000: 00000002 00000000 00010000 0001 01  7468 /dev/socket/property_service
0000000000000000: 00000002 00000000 00010000 0001 01 12868 /dev/socket/mdnsd
0000000000000000: 00000013 00000000 00000000 0002 01  9050 /dev/socket/statsdw
0000000000000000: 00000002 00000000 00010000 0001 01 15445 @com.android.internal.os.WebViewZygoteInit/05bc6efb-2285-4b80-a302-ba3d83d81942
0000000000000000: 00000002 00000000 00010000 0001 01  9058 /dev/socket/dnsproxyd
0000000000000000: 00000002 00000000 00010000 0001 01  9060 /dev/socket/mdns
0000000000000000: 00000002 00000000 00010000 0001 01  9062 /dev/socket/fwmarkd
0000000000000000: 00000002 00000000 00010000 0001 01  9070 /dev/socket/zygote
0000000000000000: 00000002 00000000 00010000 0005 01 11120 /dev/socket/adbd
0000000000000000: 00000002 00000000 00010000 0001 01  9072 /dev/socket/usap_pool_primary
0000000000000000: 00000002 00000000 00000000 0002 01 14977 /dev/socket/wpa_wlan0
0000000000000000: 00000002 00000000 00010000 0001 01 11156 /dev/socket/traced_consumer
0000000000000000: 00000002 00000000 00010000 0001 01 11158 /dev/socket/traced_producer
0000000000000000: 00000002 00000000 00010000 0001 01 95201 @com.android.internal.os.AppZygoteInit/fbcc0476-25ae-465a-8621-5c8d9575bd39
0000000000000000: 00000002 00000000 00010000 0005 01  8923 /dev/socket/tombstoned_crash
0000000000000000: 00000002 00000000 00010000 0005 01  8925 /dev/socket/tombstoned_intercept
0000000000000000: 00000002 00000000 00010000 0005 01 12864 @jdwp-control
0000000000000000: 00000002 00000000 00010000 0005 01  8928 /dev/socket/tombstoned_java_trace
0000000000000000: 00000003 00000000 00000000 0001 03 117084
0000000000000000: 00000003 00000000 00000000 0005 03 41814 @jdwp-control
0000000000000000: 00000002 00000000 00000000 0002 01  8221
0000000000000000: 00000002 00000000 00000000 0002 01 11082
0000000000000000: 00000003 00000000 00000000 0005 03 92713 @jdwp-control
0000000000000000: 00000003 00000000 00000000 0005 03 39827
0000000000000000: 00000003 00000000 00000000 0005 03 26544
0000000000000000: 00000003 00000000 00000000 0001 03 16311
0000000000000000: 00000002 00000000 00000000 0002 01 10801
0000000000000000: 00000003 00000000 00000000 0005 03  7487
0000000000000000: 00000002 00000000 00000000 0002 01 61622
0000000000000000: 00000003 00000000 00000000 0005 03 24664 @jdwp-control
0000000000000000: 00000003 00000000 00000000 0005 03 16801
0000000000000000: 00000003 00000000 00000000 0002 01 13143
0000000000000000: 00000003 00000000 00000000 0005 03 25673
0000000000000000: 00000003 00000000 00000000 0001 03 12975 /dev/socket/traced_producer
0000000000000000: 00000002 00000000 00000000 0002 01 92798
0000000000000000: 00000003 00000000 00000000 0005 03 14494
0000000000000000: 00000002 00000000 00000000 0002 01 10963
0000000000000000: 00000002 00000000 00000000 0002 01  8086
0000000000000000: 00000003 00000000 00000000 0005 03 117220
0000000000000000: 00000003 00000000 00000000 0005 03 26542
0000000000000000: 00000003 00000000 00000000 0005 03 16171
0000000000000000: 00000002 00000000 00000000 0002 01 10785
0000000000000000: 00000003 00000000 00000000 0005 03 95455
0000000000000000: 00000003 00000000 00000000 0005 03 63318
0000000000000000: 00000003 00000000 00000000 0001 03 16314
0000000000000000: 00000003 00000000 00000000 0005 03 116809
0000000000000000: 00000002 00000000 00000000 0002 01 16508
0000000000000000: 00000003 00000000 00000000 0005 03 13042
0000000000000000: 00000003 00000000 00000000 0001 03 116852
0000000000000000: 00000003 00000000 00000000 0005 03 25267 @jdwp-control
0000000000000000: 00000002 00000000 00000000 0002 01 13539
0000000000000000: 00000003 00000000 00000000 0005 03 94056
0000000000000000: 00000003 00000000 00000000 0005 03 70737
0000000000000000: 00000002 00000000 00000000 0002 01 12441
0000000000000000: 00000002 00000000 00000000 0002 01 16836
0000000000000000: 00000003 00000000 00000000 0005 03 14497
0000000000000000: 00000003 00000000 00000000 0005 03 95472
0000000000000000: 00000003 00000000 00000000 0005 03 95456
0000000000000000: 00000003 00000000 00000000 0005 03 39828 @jdwp-control
0000000000000000: 00000003 00000000 00000000 0001 03 117061
0000000000000000: 00000003 00000000 00000000 0005 03 16181 @jdwp-control
0000000000000000: 00000002 00000000 00000000 0002 01 10966
0000000000000000: 00000002 00000000 00000000 0002 01 15441
0000000000000000: 00000003 00000000 00000000 0005 03 14401
0000000000000000: 00000003 00000000 00000000 0005 03 16530
0000000000000000: 00000003 00000000 00000000 0001 03 116856 /dev/socket/traced_producer
0000000000000000: 00000003 00000000 00000000 0005 03 16800
0000000000000000: 00000003 00000000 00000000 0005 03 13574 @jdwp-control
0000000000000000: 00000003 00000000 00000000 0001 03 116963
0000000000000000: 00000003 00000000 00000000 0005 03 116808
0000000000000000: 00000003 00000000 00000000 0005 03 27696
0000000000000000: 00000003 00000000 00000000 0005 03 14498
0000000000000000: 00000003 00000000 00000000 0001 03 10822
0000000000000000: 00000003 00000000 00000000 0005 03 92709
0000000000000000: 00000003 00000000 00000000 0005 03 39825
0000000000000000: 00000003 00000000 00000000 0001 03 16313
0000000000000000: 00000003 00000000 00000000 0001 03 117081
0000000000000000: 00000003 00000000 00000000 0005 03 116848
0000000000000000: 00000003 00000000 00000000 0005 03 16167 @jdwp-control
0000000000000000: 00000002 00000000 00000000 0002 01  8596
0000000000000000: 00000002 00000000 00000000 0002 01 94124
0000000000000000: 00000003 00000000 00000000 0001 03 34341
0000000000000000: 00000002 00000000 00000000 0002 01 11092
0000000000000000: 00000003 00000000 00000000 0005 03 14496
0000000000000000: 00000003 00000000 00000000 0005 03 25669
0000000000000000: 00000002 00000000 00000000 0002 01 16515
0000000000000000: 00000002 00000000 00000000 0002 01 13067
0000000000000000: 00000003 00000000 00000000 0005 03 25266
0000000000000000: 00000002 00000000 00000000 0002 01 15468
0000000000000000: 00000002 00000000 00000000 0002 01 13537
0000000000000000: 00000003 00000000 00000000 0005 03 16576
0000000000000000: 00000003 00000000 00000000 0005 03 13573
0000000000000000: 00000002 00000000 00000000 0002 01 25824
0000000000000000: 00000003 00000000 00000000 0005 03 16828 @jdwp-control
0000000000000000: 00000002 00000000 00000000 0002 01 14309
0000000000000000: 00000003 00000000 00000000 0005 03 63319 @jdwp-control
0000000000000000: 00000003 00000000 00000000 0005 03 26752
0000000000000000: 00000002 00000000 00000000 0002 01 11532
0000000000000000: 00000003 00000000 00000000 0005 03 15458
0000000000000000: 00000002 00000000 00000000 0002 01  8281
0000000000000000: 00000002 00000000 00000000 0002 01 95498
0000000000000000: 00000003 00000000 00000000 0005 03 26035
0000000000000000: 00000002 00000000 00000000 0002 01 10954
0000000000000000: 00000003 00000000 00000000 0001 03 116853
0000000000000000: 00000003 00000000 00000000 0005 03 39237
0000000000000000: 00000003 00000000 00000000 0005 03 16172
0000000000000000: 00000002 00000000 00000000 0002 01 10950
0000000000000000: 00000003 00000000 00000000 0005 03 77716 @jdwp-control
0000000000000000: 00000003 00000000 00000000 0005 03 24798
0000000000000000: 00000003 00000000 00000000 0005 03 16825
0000000000000000: 00000003 00000000 00000000 0005 03 13035
0000000000000000: 00000003 00000000 00000000 0005 03 16526
0000000000000000: 00000002 00000000 00000000 0002 01 13252
0000000000000000: 00000003 00000000 00000000 0001 03 15472
0000000000000000: 00000003 00000000 00000000 0005 03 14492
0000000000000000: 00000003 00000000 00000000 0005 03 34424
0000000000000000: 00000003 00000000 00000000 0005 03 27697
0000000000000000: 00000003 00000000 00000000 0005 03 98847
0000000000000000: 00000003 00000000 00000000 0005 03 41806
0000000000000000: 00000003 00000000 00000000 0005 03 30001
0000000000000000: 00000002 00000000 00000000 0002 01 11034
0000000000000000: 00000003 00000000 00000000 0005 03 16309
0000000000000000: 00000002 00000000 00000000 0002 01 10777
0000000000000000: 00000003 00000000 00000000 0005 03 116817 @jdwp-control
0000000000000000: 00000003 00000000 00000000 0005 03 94059 @jdwp-control
0000000000000000: 00000003 00000000 00000000 0005 03 58394
0000000000000000: 00000002 00000000 00000000 0002 01 12199
0000000000000000: 00000003 00000000 00000000 0005 03 24647
0000000000000000: 00000003 00000000 00000000 0005 03 15459 @jdwp-control
0000000000000000: 00000003 00000000 00000000 0005 03 16520
0000000000000000: 00000003 00000000 00000000 0005 03 16827
0000000000000000: 00000003 00000000 00000000 0001 03 12974
0000000000000000: 00000003 00000000 00000000 0005 03 116638
0000000000000000: 00000003 00000000 00000000 0001 03 95233
0000000000000000: 00000003 00000000 00000000 0005 03 39238 @jdwp-control
0000000000000000: 00000002 00000000 00000000 0002 01 10821
0000000000000000: 00000003 00000000 00000000 0005 03 116827
0000000000000000: 00000003 00000000 00000000 0001 03 12512
0000000000000000: 00000003 00000000 00000000 0005 03 15456
0000000000000000: 00000003 00000000 00000000 0005 03 14491
0000000000000000: 00000003 00000000 00000000 0005 03 116816
0000000000000000: 00000003 00000000 00000000 0005 03 94396
0000000000000000: 00000003 00000000 00000000 0005 03 34425
0000000000000000: 00000003 00000000 00000000 0005 03 116981
0000000000000000: 00000003 00000000 00000000 0001 03 116858
0000000000000000: 00000002 00000000 00000000 0002 01 116803
0000000000000000: 00000002 00000000 00000000 0002 01 12907
0000000000000000: 00000003 00000000 00000000 0005 03 16529
0000000000000000: 00000003 00000000 00000000 0005 03 15380
0000000000000000: 00000003 00000000 00000000 0005 03 13571
0000000000000000: 00000003 00000000 00000000 0005 03 16707
0000000000000000: 00000003 00000000 00000000 0005 03 10922 /dev/socket/logdr
0000000000000000: 00000002 00000000 00000000 0002 01  8095
0000000000000000: 00000003 00000000 00000000 0005 03 98848
0000000000000000: 00000002 00000000 00000000 0002 01 95431
0000000000000000: 00000003 00000000 00000000 0005 03 70796 @jdwp-control
0000000000000000: 00000003 00000000 00000000 0005 03 41813
0000000000000000: 00000003 00000000 00000000 0005 03 26059 @jdwp-control
0000000000000000: 00000002 00000000 00000000 0002 01 10965
0000000000000000: 00000003 00000000 00000000 0001 03 117544
0000000000000000: 00000002 00000000 00000000 0002 01 25277
0000000000000000: 00000003 00000000 00000000 0005 03 25057
0000000000000000: 00000003 00000000 00000000 0001 03 15061 /dev/socket/zygote
0000000000000000: 00000003 00000000 00000000 0005 03 35507
0000000000000000: 00000003 00000000 00000000 0005 03 24367 @jdwp-control
0000000000000000: 00000002 00000000 00000000 0002 01 12765
0000000000000000: 00000003 00000000 00000000 0005 03 94968
0000000000000000: 00000003 00000000 00000000 0001 03 56979
0000000000000000: 00000003 00000000 00000000 0005 03 16689
0000000000000000: 00000002 00000000 00000000 0002 01 37834
0000000000000000: 00000003 00000000 00000000 0005 03 15495
0000000000000000: 00000002 00000000 00000000 0002 01 26074
0000000000000000: 00000003 00000000 00000000 0005 03 75458
0000000000000000: 00000002 00000000 00000000 0002 01 24438
0000000000000000: 00000002 00000000 00000000 0002 01 12519
0000000000000000: 00000003 00000000 00000000 0001 03 117550
0000000000000000: 00000002 00000000 00000000 0002 01 41937
0000000000000000: 00000003 00000000 00000000 0005 03 17226
0000000000000000: 00000003 00000000 00000000 0005 03 16702
0000000000000000: 00000003 00000000 00000000 0005 03 15088
0000000000000000: 00000003 00000000 00000000 0005 03 15115 @jdwp-control
0000000000000000: 00000003 00000000 00000000 0005 03 37644 @jdwp-control
0000000000000000: 00000003 00000000 00000000 0005 03 15379
0000000000000000: 00000003 00000000 00000000 0001 03 95205
0000000000000000: 00000003 00000000 00000000 0005 03 29400 @jdwp-control
0000000000000000: 00000003 00000000 00000000 0005 03 116825
0000000000000000: 00000003 00000000 00000000 0001 03 16705
0000000000000000: 00000003 00000000 00000000 0001 03 117546
0000000000000000: 00000003 00000000 00000000 0005 03 30008
0000000000000000: 00000003 00000000 00000000 0005 03 75469 @jdwp-control
0000000000000000: 00000003 00000000 00000000 0005 03 24799 @jdwp-control
0000000000000000: 00000002 00000000 00000000 0002 01 13712
0000000000000000: 00000003 00000000 00000000 0005 03 27038
0000000000000000: 00000002 00000000 00000000 0002 01 15185
0000000000000000: 00000003 00000000 00000000 0001 03 16687
0000000000000000: 00000002 00000000 00000000 0002 01 95197
0000000000000000: 00000003 00000000 00000000 0005 03 35510 @jdwp-control
0000000000000000: 00000003 00000000 00000000 0005 03 25482
0000000000000000: 00000003 00000000 00000000 0005 03 24365
0000000000000000: 00000002 00000000 00000000 0002 01 13701
0000000000000000: 00000003 00000000 00000000 0001 03 117549
0000000000000000: 00000003 00000000 00000000 0005 03 94398
0000000000000000: 00000003 00000000 00000000 0005 03 29397
0000000000000000: 00000003 00000000 00000000 0005 03 24847
0000000000000000: 00000002 00000000 00000000 0002 01 77466
0000000000000000: 00000003 00000000 00000000 0005 03 15119
0000000000000000: 00000003 00000000 00000000 0005 03 37643
0000000000000000: 00000003 00000000 00000000 0005 03 15349
0000000000000000: 00000003 00000000 00000000 0005 03 15102
0000000000000000: 00000003 00000000 00000000 0001 03 117060
0000000000000000: 00000002 00000000 00000000 0002 01 15237
0000000000000000: 00000003 00000000 00000000 0005 03 77713
0000000000000000: 00000003 00000000 00000000 0005 03 30003
0000000000000000: 00000003 00000000 00000000 0005 03 17164
0000000000000000: 00000003 00000000 00000000 0001 03 95607
0000000000000000: 00000003 00000000 00000000 0005 03 58393
0000000000000000: 00000002 00000000 00000000 0002 01 28660
0000000000000000: 00000003 00000000 00000000 0005 03 15087
0000000000000000: 00000002 00000000 00000000 0002 01 12674
0000000000000000: 00000003 00000000 00000000 0005 03 116824
0000000000000000: 00000003 00000000 00000000 0005 03 95210
0000000000000000: 00000003 00000000 00000000 0001 03 16704
0000000000000000: 00000002 00000000 00000000 0002 01 15633
0000000000000000: 00000002 00000000 00000000 0002 01 15143
0000000000000000: 00000003 00000000 00000000 0005 03 27702
0000000000000000: 00000003 00000000 00000000 0001 03 95540
0000000000000000: 00000003 00000000 00000000 0001 03 95526
0000000000000000: 00000003 00000000 00000000 0005 03 35509
0000000000000000: 00000003 00000000 00000000 0001 03 15060
0000000000000000: 00000003 00000000 00000000 0001 03 13654 /dev/socket/mdnsd
0000000000000000: 00000003 00000000 00000000 0001 03 95227
0000000000000000: 00000002 00000000 00000000 0002 01 25202
0000000000000000: 00000003 00000000 00000000 0005 03 17227 /dev/socket/adbd
0000000000000000: 00000003 00000000 00000000 0001 03 16701
0000000000000000: 00000003 00000000 00000000 0005 03 94967
0000000000000000: 00000003 00000000 00000000 0005 03 25519
0000000000000000: 00000003 00000000 00000000 0005 03 95470
0000000000000000: 00000003 00000000 00000000 0005 03 15121
0000000000000000: 00000003 00000000 00000000 0005 03 117032
0000000000000000: 00000003 00000000 00000000 0001 03 15361
0000000000000000: 00000003 00000000 00000000 0001 03 95207
0000000000000000: 00000003 00000000 00000000 0005 03 25481
0000000000000000: 00000003 00000000 00000000 0001 03 117543
0000000000000000: 00000003 00000000 00000000 0001 03 56929
0000000000000000: 00000003 00000000 00000000 0005 03 25264
0000000000000000: 00000002 00000000 00000000 0002 01 35568
0000000000000000: 00000003 00000000 00000000 0005 03 28370
0000000000000000: 00000003 00000000 00000000 0005 03 15086
0000000000000000: 00000003 00000000 00000000 0005 03 61581
0000000000000000: 00000003 00000000 00000000 0001 03 116991
0000000000000000: 00000002 00000000 00000000 0002 01 15503
0000000000000000: 00000002 00000000 00000000 0002 01 15151
0000000000000000: 00000003 00000000 00000000 0005 03 16706
0000000000000000: 00000003 00000000 00000000 0001 03 95608
0000000000000000: 00000003 00000000 00000000 0005 03 95211
0000000000000000: 00000003 00000000 00000000 0005 03 29399
0000000000000000: 00000003 00000000 00000000 0005 03 17246 @jdwp-control
0000000000000000: 00000003 00000000 00000000 0001 03 14846 /dev/socket/mdns
0000000000000000: 00000003 00000000 00000000 0005 03 94399
0000000000000000: 00000003 00000000 00000000 0005 03 25167
0000000000000000: 00000003 00000000 00000000 0005 03 24663
0000000000000000: 00000003 00000000 00000000 0005 03 16574
0000000000000000: 00000003 00000000 00000000 0002 01 13144
0000000000000000: 00000003 00000000 00000000 0005 03 25674 @jdwp-control
0000000000000000: 00000003 00000000 00000000 0001 03 12898
0000000000000000: 00000003 00000000 00000000 0001 03 116962
0000000000000000: 00000003 00000000 00000000 0005 03 94058
0000000000000000: 00000003 00000000 00000000 0005 03 14493
0000000000000000: 00000003 00000000 00000000 0005 03 15396 @jdwp-control
0000000000000000: 00000003 00000000 00000000 0001 03 117070
0000000000000000: 00000002 00000000 00000000 0002 01 41475
0000000000000000: 00000002 00000000 00000000 0002 01  8569
0000000000000000: 00000002 00000000 00000000 0002 01 116782
0000000000000000: 00000003 00000000 00000000 0005 03 92712
0000000000000000: 00000003 00000000 00000000 0005 03 39826
0000000000000000: 00000003 00000000 00000000 0005 03 16310 @jdwp-control
0000000000000000: 00000003 00000000 00000000 0001 03 10823
0000000000000000: 00000003 00000000 00000000 0001 03 116819
0000000000000000: 00000002 00000000 00000000 0002 01 16786
0000000000000000: 00000002 00000000 00000000 0002 01 13068
0000000000000000: 00000003 00000000 00000000 0001 03 116855
0000000000000000: 00000002 00000000 00000000 0002 01 75860
0000000000000000: 00000003 00000000 00000000 0005 03 16577
0000000000000000: 00000002 00000000 00000000 0002 01 13269
0000000000000000: 00000003 00000000 00000000 0005 03 16165
0000000000000000: 00000002 00000000 00000000 0002 01 11936
0000000000000000: 00000003 00000000 00000000 0005 03 116980
0000000000000000: 00000002 00000000 00000000 0002 01 39937
0000000000000000: 00000003 00000000 00000000 0005 03 26753
0000000000000000: 00000003 00000000 00000000 0005 03 116639
0000000000000000: 00000002 00000000 00000000 0002 01 16201
0000000000000000: 00000002 00000000 00000000 0002 01 10996
0000000000000000: 00000003 00000000 00000000 0001 03 95234 @com.android.internal.os.AppZygoteInit/fbcc0476-25ae-465a-8621-5c8d9575bd39
0000000000000000: 00000002 00000000 00000000 0002 01 70849
0000000000000000: 00000002 00000000 00000000 0002 01 29534
0000000000000000: 00000003 00000000 00000000 0005 03  7467
0000000000000000: 00000002 00000000 00000000 0002 01 116961
0000000000000000: 00000002 00000000 00000000 0002 01 26761
0000000000000000: 00000003 00000000 00000000 0005 03 14312
0000000000000000: 00000003 00000000 00000000 0005 03 117221
0000000000000000: 00000002 00000000 00000000 0002 01 11489
0000000000000000: 00000002 00000000 00000000 0002 01 63346
0000000000000000: 00000003 00000000 00000000 0001 03 16665
0000000000000000: 00000003 00000000 00000000 0002 01 13145
0000000000000000: 00000003 00000000 00000000 0005 03 116986
0000000000000000: 00000003 00000000 00000000 0005 03 27497
0000000000000000: 00000003 00000000 00000000 0005 03 95473 @jdwp-control
0000000000000000: 00000003 00000000 00000000 0005 03 39235
0000000000000000: 00000003 00000000 00000000 0005 03 30009
0000000000000000: 00000002 00000000 00000000 0002 01 11060
0000000000000000: 00000003 00000000 00000000 0005 03 10921
0000000000000000: 00000003 00000000 00000000 0001 03 117082 /dev/socket/traced_producer
0000000000000000: 00000003 00000000 00000000 0005 03 16180
0000000000000000: 00000003 00000000 00000000 0005 03 26545 @jdwp-control
0000000000000000: 00000003 00000000 00000000 0005 03 77714
0000000000000000: 00000002 00000000 00000000 0002 01 15409
0000000000000000: 00000002 00000000 00000000 0002 01 12467
0000000000000000: 00000003 00000000 00000000 0005 03 14495
0000000000000000: 00000003 00000000 00000000 0005 03 25670
0000000000000000: 00000002 00000000 00000000 0002 01 16853
0000000000000000: 00000002 00000000 00000000 0002 01 13066
0000000000000000: 00000003 00000000 00000000 0005 03 24796
0000000000000000: 00000003 00000000 00000000 0002 01 13142
0000000000000000: 00000003 00000000 00000000 0005 03 92708
0000000000000000: 00000002 00000000 00000000 0002 01 39340
0000000000000000: 00000003 00000000 00000000 0001 03 16312
0000000000000000: 00000002 00000000 00000000 0002 01  8115
0000000000000000: 00000003 00000000 00000000 0005 03 26543
0000000000000000: 00000003 00000000 00000000 0001 03 117071
0000000000000000: 00000003 00000000 00000000 0001 03 77444
0000000000000000: 00000002 00000000 00000000 0002 01 11008
0000000000000000: 00000002 00000000 00000000 0002 01 10570
0000000000000000: 00000003 00000000 00000000 0001 03 117085
0000000000000000: 00000003 00000000 00000000 0005 03 41807
0000000000000000: 00000003 00000000 00000000 0005 03 26034
0000000000000000: 00000002 00000000 00000000 0002 01 10958
0000000000000000: 00000003 00000000 00000000 0005 03 94397
0000000000000000: 00000003 00000000 00000000 0005 03 63316
0000000000000000: 00000002 00000000 00000000 0002 01 16344
0000000000000000: 00000003 00000000 00000000 0005 03  7466
0000000000000000: 00000002 00000000 00000000 0002 01 10778
0000000000000000: 00000002 00000000 00000000 0002 01 25565
0000000000000000: 00000003 00000000 00000000 0005 03 24648
0000000000000000: 00000003 00000000 00000000 0005 03 16575
0000000000000000: 00000003 00000000 00000000 0005 03 13041
0000000000000000: 00000003 00000000 00000000 0005 03 25265
0000000000000000: 00000003 00000000 00000000 0005 03 15089 @jdwp-control
0000000000000000: 00000002 00000000 00000000 0002 01 71361
0000000000000000: 00000003 00000000 00000000 0005 03 26751
0000000000000000: 00000002 00000000 00000000 0002 01 14488
0000000000000000: 00000003 00000000 00000000 0005 03 15457
0000000000000000: 00000002 00000000 00000000 0002 01 12453
0000000000000000: 00000003 00000000 00000000 0005 03 116826
0000000000000000: 00000002 00000000 00000000 0002 01 11043
0000000000000000: 00000003 00000000 00000000 0001 03 117088
0000000000000000: 00000002 00000000 00000000 0002 01 10796
0000000000000000: 00000003 00000000 00000000 0005 03 63317
0000000000000000: 00000002 00000000 00000000 0002 01 59805
0000000000000000: 00000003 00000000 00000000 0005 03  7488
0000000000000000: 00000003 00000000 00000000 0005 03 17245
0000000000000000: 00000002 00000000 00000000 0002 01 24671
0000000000000000: 00000003 00000000 00000000 0005 03 16525
0000000000000000: 00000003 00000000 00000000 0005 03 16164
0000000000000000: 00000002 00000000 00000000 0002 01 11317
0000000000000000: 00000003 00000000 00000000 0001 03 95223
0000000000000000: 00000003 00000000 00000000 0005 03 58395 @jdwp-control
0000000000000000: 00000003 00000000 00000000 0001 03 12899
0000000000000000: 00000002 00000000 00000000 0002 01 95495
0000000000000000: 00000002 00000000 00000000 0002 01 14303
0000000000000000: 00000002 00000000 00000000 0002 01  8997
0000000000000000: 00000003 00000000 00000000 0001 03 117087
0000000000000000: 00000003 00000000 00000000 0005 03 16308
0000000000000000: 00000003 00000000 00000000 0005 03 116849
0000000000000000: 00000002 00000000 00000000 0002 01 11024
0000000000000000: 00000003 00000000 00000000 0005 03 94057
0000000000000000: 00000003 00000000 00000000 0001 03 34342
0000000000000000: 00000003 00000000 00000000 0005 03 14311
0000000000000000: 00000003 00000000 00000000 0001 03 56980
0000000000000000: 00000003 00000000 00000000 0005 03 77715
0000000000000000: 00000003 00000000 00000000 0005 03 24797
0000000000000000: 00000003 00000000 00000000 0005 03 16519
0000000000000000: 00000003 00000000 00000000 0005 03 13036
0000000000000000: 00000003 00000000 00000000 0005 03 16826
0000000000000000: 00000002 00000000 00000000 0002 01 13306
0000000000000000: 00000002 00000000 00000000 0002 01 10925
0000000000000000: 00000003 00000000 00000000 0005 03 39236
0000000000000000: 00000003 00000000 00000000 0005 03 30000
0000000000000000: 00000002 00000000 00000000 0002 01  8117
0000000000000000: 00000003 00000000 00000000 0005 03 26058
0000000000000000: 00000002 00000000 00000000 0002 01 11050
0000000000000000: 00000002 00000000 00000000 0002 01  8961
0000000000000000: 00000002 00000000 00000000 0002 01 16188
0000000000000000: 00000003 00000000 00000000 0005 03 13572
0000000000000000: 00000002 00000000 00000000 0002 01 11516
0000000000000000: 00000003 00000000 00000000 0001 03 116859
0000000000000000: 00000003 00000000 00000000 0001 03 56930
0000000000000000: 00000003 00000000 00000000 0005 03 26754 @jdwp-control
0000000000000000: 00000002 00000000 00000000 0002 01 25754
0000000000000000: 00000003 00000000 00000000 0005 03 14402 /dev/socket/lmkd
0000000000000000: 00000003 00000000 00000000 0005 03 116987 @jdwp-control
0000000000000000: 00000003 00000000 00000000 0001 03 16664
0000000000000000: 00000003 00000000 00000000 0005 03 15219
0000000000000000: 00000003 00000000 00000000 0005 03 37620
0000000000000000: 00000003 00000000 00000000 0005 03 15348
0000000000000000: 00000002 00000000 00000000 0002 01 26582
0000000000000000: 00000003 00000000 00000000 0005 03 70738
0000000000000000: 00000003 00000000 00000000 0001 03 95541
0000000000000000: 00000003 00000000 00000000 0001 03 95222
0000000000000000: 00000003 00000000 00000000 0005 03 35508
0000000000000000: 00000003 00000000 00000000 0005 03 28546
0000000000000000: 00000003 00000000 00000000 0005 03 17243
0000000000000000: 00000002 00000000 00000000 0002 01 12773
0000000000000000: 00000003 00000000 00000000 0005 03 25532
0000000000000000: 00000003 00000000 00000000 0005 03 95458 @jdwp-control
0000000000000000: 00000003 00000000 00000000 0005 03 25170 @jdwp-control
0000000000000000: 00000003 00000000 00000000 0005 03 15103
0000000000000000: 00000003 00000000 00000000 0001 03 77445
0000000000000000: 00000003 00000000 00000000 0001 03 95537
0000000000000000: 00000003 00000000 00000000 0005 03 30002
0000000000000000: 00000002 00000000 00000000 0002 01 24446
0000000000000000: 00000002 00000000 00000000 0002 01 14923
0000000000000000: 00000003 00000000 00000000 0005 03 70795
0000000000000000: 00000003 00000000 00000000 0005 03 16703
0000000000000000: 00000003 00000000 00000000 0005 03 25490
0000000000000000: 00000003 00000000 00000000 0005 03 15114
0000000000000000: 00000003 00000000 00000000 0001 03 116992
0000000000000000: 00000003 00000000 00000000 0005 03 15494
0000000000000000: 00000002 00000000 00000000 0002 01 77806
0000000000000000: 00000003 00000000 00000000 0005 03 16307
0000000000000000: 00000003 00000000 00000000 0005 03 75468
0000000000000000: 00000003 00000000 00000000 0005 03 28545
0000000000000000: 00000002 00000000 00000000 0002 01 24832
0000000000000000: 00000003 00000000 00000000 0005 03 17244
0000000000000000: 00000003 00000000 00000000 0005 03 14908
0000000000000000: 00000003 00000000 00000000 0001 03 12513
0000000000000000: 00000003 00000000 00000000 0005 03 61595
0000000000000000: 00000002 00000000 00000000 0002 01 117005
0000000000000000: 00000002 00000000 00000000 0002 01 15331
0000000000000000: 00000003 00000000 00000000 0005 03 95457
0000000000000000: 00000003 00000000 00000000 0005 03 27498
0000000000000000: 00000003 00000000 00000000 0005 03 16688
0000000000000000: 00000003 00000000 00000000 0001 03 116820 /dev/socket/traced_consumer
0000000000000000: 00000003 00000000 00000000 0001 03 35207
0000000000000000: 00000003 00000000 00000000 0005 03 25058
0000000000000000: 00000003 00000000 00000000 0005 03 24366
0000000000000000: 00000002 00000000 00000000 0002 01 14566
0000000000000000: 00000002 00000000 00000000 0002 01 12553
0000000000000000: 00000003 00000000 00000000 0001 03 95538 /dev/socket/traced_producer
0000000000000000: 00000002 00000000 00000000 0002 01 58613
0000000000000000: 00000003 00000000 00000000 0005 03 27703
0000000000000000: 00000003 00000000 00000000 0001 03 17187
0000000000000000: 00000003 00000000 00000000 0005 03 29398
0000000000000000: 00000003 00000000 00000000 0005 03 14909
0000000000000000: 00000003 00000000 00000000 0001 03 95208
0000000000000000: 00000002 00000000 00000000 0002 01 58432
0000000000000000: 00000002 00000000 00000000 0002 01 16682
0000000000000000: 00000002 00000000 00000000 0002 01 61925
0000000000000000: 00000003 00000000 00000000 0005 03 15220
0000000000000000: 00000003 00000000 00000000 0001 03 117025
0000000000000000: 00000003 00000000 00000000 0005 03 16166
0000000000000000: 00000003 00000000 00000000 0005 03 61582
0000000000000000: 00000003 00000000 00000000 0001 03 117545
0000000000000000: 00000003 00000000 00000000 0005 03 75457
0000000000000000: 00000002 00000000 00000000 0002 01 15020
0000000000000000: 00000003 00000000 00000000 0001 03 95226
0000000000000000: 00000002 00000000 00000000 0002 01 35703
0000000000000000: 00000003 00000000 00000000 0005 03 25169
0000000000000000: 00000002 00000000 00000000 0002 01 17228
0000000000000000: 00000003 00000000 00000000 0001 03 12876
0000000000000000: 00000003 00000000 00000000 0001 03 95218 /dev/socket/traced_producer
0000000000000000: 00000003 00000000 00000000 0005 03 25491 @jdwp-control
0000000000000000: 00000003 00000000 00000000 0005 03 37619
0000000000000000: 00000003 00000000 00000000 0001 03 15362
0000000000000000: 00000003 00000000 00000000 0005 03 15122 @jdwp-control
0000000000000000: 00000003 00000000 00000000 0005 03 61596 @jdwp-control
0000000000000000: 00000003 00000000 00000000 0001 03 95204
0000000000000000: 00000003 00000000 00000000 0001 03 35208
0000000000000000: 00000003 00000000 00000000 0005 03 25533 @jdwp-control
0000000000000000: 00000003 00000000 00000000 0001 03 16686
0000000000000000: 00000002 00000000 00000000 0002 01 12592
0000000000000000: 00000003 00000000 00000000 0005 03 24846
0000000000000000: 00000003 00000000 00000000 0005 03 24364
0000000000000000: 00000003 00000000 00000000 0001 03 17188 /dev/socket/traced_producer
0000000000000000: 00000003 00000000 00000000 0005 03 28369
0000000000000000: 00000003 00000000 00000000 0005 03 15395
0000000000000000: 00000003 00000000 00000000 0005 03 95471
0000000000000000: 00000003 00000000 00000000 0005 03 15120
0000000000000000: 00000003 00000000 00000000 0001 03 117026
0000000000000000: 00000003 00000000 00000000 0001 03 15473 @com.android.internal.os.WebViewZygoteInit/05bc6efb-2285-4b80-a302-ba3d83d81942
0000000000000000: 00000003 00000000 00000000 0001 03 95217
0000000000000000: 00000002 00000000 00000000 0002 01 25564
0000000000000000: 00000003 00000000 00000000 0005 03 25518
0000000000000000: 00000003 00000000 00000000 0001 03 95527
0000000000000000: 00000003 00000000 00000000 0001 03 14845
0000000000000000: 00000003 00000000 00000000 0005 03 58392
0000000000000000: 00000003 00000000 00000000 0005 03 25168
0000000000000000: 00000003 00000000 00000000 0005 03 17163
0000000000000000: 00000003 00000000 00000000 0001 03 16700
0000000000000000: 00000002 00000000 00000000 0002 01 12879
0000000000000000: 00000003 00000000 00000000 0005 03 27037
0000000000000000: 00000003 00000000 00000000 0005 03 117031
0000000000000000: 00000002 00000000 00000000 0002 01 15130
