Num       RefCount Protocol Flags    Type St Inode Path
0000000000000000: 00000002 00000000 00010000 0005 01  9732 /dev/socket/tombstoned_crash
0000000000000000: 00000002 00000000 00010000 0001 01 55693 @webview_devtools_remote_5600
0000000000000000: 00000002 00000000 00010000 0005 01  9737 /dev/socket/tombstoned_intercept
0000000000000000: 00000002 00000000 00010000 0005 01  9740 /dev/socket/tombstoned_java_trace
0000000000000000: 00000002 00000000 00000000 0002 01 13073 /dev/socket/wpa_wlan0
0000000000000000: 00000002 00000000 00010000 0001 01 47306 @com.android.internal.os.AppZygoteInit/8efcd844-5a9a-423a-9fec-49ef62146764
0000000000000000: 00000007 00000000 00000000 0002 01  8990 /dev/socket/statsdw
0000000000000000: 00000002 00000000 00010000 0001 01  8774 /dev/socket/mdnsd
0000000000000000: 00000002 00000000 00010000 0001 01  6765 /dev/socket/logd
0000000000000000: 00000002 00000000 00010000 0005 01  6770 /dev/socket/logdr
0000000000000000: 00000067 00000000 00000000 0002 01  6773 /dev/socket/logdw
0000000000000000: 00000002 00000000 00010000 0001 01  7618 /dev/socket/dnsproxyd
0000000000000000: 00000002 00000000 00010000 0005 01  7875 /dev/socket/adbd
0000000000000000: 00000002 00000000 00010000 0001 01  7623 /dev/socket/mdns
0000000000000000: 00000002 00000000 00010000 0001 01  7626 /dev/socket/fwmarkd
0000000000000000: 00000002 00000000 00010000 0001 01  7634 /dev/socket/zygote
0000000000000000: 00000002 00000000 00010000 0001 01  7639 /dev/socket/usap_pool_primary
0000000000000000: 00000002 00000000 00010000 0005 01 12298 @jdwp-control
0000000000000000: 00000002 00000000 00010000 0001 01  6378 /dev/socket/property_service
0000000000000000: 00000002 00000000 00010000 0001 01 13201 @com.android.internal.os.WebViewZygoteInit/c0d98410-6c91-4f87-8c36-e6a776b38709
0000000000000000: 00000002 00000000 00010000 0001 01  7927 /dev/socket/traced_consumer
0000000000000000: 00000002 00000000 00010000 0005 01  7673 /dev/socket/lmkd
0000000000000000: 00000002 00000000 00010000 0001 01 12939 /data/system/ndebugsocket
0000000000000000: 00000002 00000000 00010000 0001 01  7932 /dev/socket/traced_producer
0000000000000000: 00000003 00000000 00000000 0005 03 20433
0000000000000000: 00000003 00000000 00000000 0005 03 31015 @jdwp-control
0000000000000000: 00000003 00000000 00000000 0001 03  9682
0000000000000000: 00000002 00000000 00000000 0002 01  9911
0000000000000000: 00000002 00000000 00000000 0002 01 20770
0000000000000000: 00000003 00000000 00000000 0001 03 37114
0000000000000000: 00000003 00000000 00000000 0005 03 30966
0000000000000000: 00000003 00000000 00000000 0005 03 20476
0000000000000000: 00000003 00000000 00000000 0005 03 47480
0000000000000000: 00000003 00000000 00000000 0005 03 13969 @jdwp-control
0000000000000000: 00000003 00000000 00000000 0001 03 55615
0000000000000000: 00000003 00000000 00000000 0005 03 14325
0000000000000000: 00000003 00000000 00000000 0005 03 20748
0000000000000000: 00000003 00000000 00000000 0005 03 34472 @jdwp-control
0000000000000000: 00000002 00000000 00000000 0002 01 13794
0000000000000000: 00000003 00000000 00000000 0005 03 13283
0000000000000000: 00000003 00000000 00000000 0001 03 56311
0000000000000000: 00000003 00000000 00000000 0005 03 55536
0000000000000000: 00000003 00000000 00000000 0001 03 47539
0000000000000000: 00000003 00000000 00000000 0005 03 12656
0000000000000000: 00000003 00000000 00000000 0005 03 30216
0000000000000000: 00000003 00000000 00000000 0005 03 22693 @jdwp-control
0000000000000000: 00000002 00000000 00000000 0002 01 10663
0000000000000000: 00000002 00000000 00000000 0002 01 11057
0000000000000000: 00000003 00000000 00000000 0005 03 14331 @jdwp-control
0000000000000000: 00000003 00000000 00000000 0005 03 20477
0000000000000000: 00000003 00000000 00000000 0005 03 55581
0000000000000000: 00000003 00000000 00000000 0005 03 13193
0000000000000000: 00000002 00000000 00000000 0002 01 13692
0000000000000000: 00000003 00000000 00000000 0005 03 13520
0000000000000000: 00000003 00000000 00000000 0001 03 55792
0000000000000000: 00000003 00000000 00000000 0005 03 13135
0000000000000000: 00000003 00000000 00000000 0005 03 47064
0000000000000000: 00000003 00000000 00000000 0005 03 35586
0000000000000000: 00000003 00000000 00000000 0005 03 22692
0000000000000000: 00000003 00000000 00000000 0005 03 13002
0000000000000000: 00000003 00000000 00000000 0005 03 21787
0000000000000000: 00000002 00000000 00000000 0002 01 11351
0000000000000000: 00000002 00000000 00000000 0002 01  9645
0000000000000000: 00000002 00000000 00000000 0002 01 10558
0000000000000000: 00000003 00000000 00000000 0001 03 55678
0000000000000000: 00000003 00000000 00000000 0001 03 23065
0000000000000000: 00000003 00000000 00000000 0005 03 13519
0000000000000000: 00000003 00000000 00000000 0005 03 35624
0000000000000000: 00000003 00000000 00000000 0005 03 13863
0000000000000000: 00000003 00000000 00000000 0005 03 13668
0000000000000000: 00000003 00000000 00000000 0005 03 13013 @jdwp-control
0000000000000000: 00000003 00000000 00000000 0005 03 55886
0000000000000000: 00000003 00000000 00000000 0005 03 55612
0000000000000000: 00000003 00000000 00000000 0001 03 13214
0000000000000000: 00000003 00000000 00000000 0001 03 12618
0000000000000000: 00000003 00000000 00000000 0001 03 47309
0000000000000000: 00000002 00000000 00000000 0002 01 12731
0000000000000000: 00000003 00000000 00000000 0005 03 48700
0000000000000000: 00000003 00000000 00000000 0005 03 20474
0000000000000000: 00000003 00000000 00000000 0001 03 47594 /dev/socket/traced_producer
0000000000000000: 00000003 00000000 00000000 0001 03 56307
0000000000000000: 00000003 00000000 00000000 0005 03 55699
0000000000000000: 00000003 00000000 00000000 0005 03 21998
0000000000000000: 00000003 00000000 00000000 0005 03 14695
0000000000000000: 00000002 00000000 00000000 0002 01 11010
0000000000000000: 00000003 00000000 00000000 0002 01 10666
0000000000000000: 00000003 00000000 00000000 0005 03 21792
0000000000000000: 00000002 00000000 00000000 0002 01 11444
0000000000000000: 00000003 00000000 00000000 0005 03 55576
0000000000000000: 00000002 00000000 00000000 0002 01 13146
0000000000000000: 00000003 00000000 00000000 0005 03 13932
0000000000000000: 00000003 00000000 00000000 0005 03 13130
0000000000000000: 00000003 00000000 00000000 0005 03 12513
0000000000000000: 00000003 00000000 00000000 0005 03 13522
0000000000000000: 00000003 00000000 00000000 0005 03 55366
0000000000000000: 00000003 00000000 00000000 0001 03 47597
0000000000000000: 00000003 00000000 00000000 0005 03 35587
0000000000000000: 00000002 00000000 00000000 0002 01 20430
0000000000000000: 00000003 00000000 00000000 0005 03 20662
0000000000000000: 00000003 00000000 00000000 0005 03 21994
0000000000000000: 00000003 00000000 00000000 0005 03 10862
0000000000000000: 00000002 00000000 00000000 0002 01  9822
0000000000000000: 00000003 00000000 00000000 0001 03 47593
0000000000000000: 00000003 00000000 00000000 0001 03 22917
0000000000000000: 00000002 00000000 00000000 0002 01 13977
0000000000000000: 00000003 00000000 00000000 0005 03 35625 @jdwp-control
0000000000000000: 00000003 00000000 00000000 0005 03 12511
0000000000000000: 00000003 00000000 00000000 0005 03  6387
0000000000000000: 00000003 00000000 00000000 0005 03 55571 @jdwp-control
0000000000000000: 00000003 00000000 00000000 0001 03 13215
0000000000000000: 00000003 00000000 00000000 0005 03 10868
0000000000000000: 00000003 00000000 00000000 0005 03 20683
0000000000000000: 00000003 00000000 00000000 0005 03 20401
0000000000000000: 00000002 00000000 00000000 0002 01 14557
0000000000000000: 00000003 00000000 00000000 0001 03 47308
0000000000000000: 00000003 00000000 00000000 0005 03 55367
0000000000000000: 00000003 00000000 00000000 0005 03 22670
0000000000000000: 00000003 00000000 00000000 0001 03 56305
0000000000000000: 00000003 00000000 00000000 0005 03 55582
0000000000000000: 00000003 00000000 00000000 0005 03 13968
0000000000000000: 00000003 00000000 00000000 0001 03 13256 @com.android.internal.os.WebViewZygoteInit/c0d98410-6c91-4f87-8c36-e6a776b38709
0000000000000000: 00000003 00000000 00000000 0001 03 12475
0000000000000000: 00000003 00000000 00000000 0005 03  6389
0000000000000000: 00000002 00000000 00000000 0002 01 20681
0000000000000000: 00000002 00000000 00000000 0002 01 10817
0000000000000000: 00000002 00000000 00000000 0002 01 10797
0000000000000000: 00000003 00000000 00000000 0005 03 14683
0000000000000000: 00000002 00000000 00000000 0002 01 23678
0000000000000000: 00000003 00000000 00000000 0001 03 55726
0000000000000000: 00000003 00000000 00000000 0001 03 47312
0000000000000000: 00000003 00000000 00000000 0005 03 21793 @jdwp-control
0000000000000000: 00000002 00000000 00000000 0002 01  8961
0000000000000000: 00000002 00000000 00000000 0002 01 37448
0000000000000000: 00000003 00000000 00000000 0005 03 14005
0000000000000000: 00000002 00000000 00000000 0002 01 10174
0000000000000000: 00000003 00000000 00000000 0005 03 32146
0000000000000000: 00000003 00000000 00000000 0005 03 28025
0000000000000000: 00000002 00000000 00000000 0002 01 21152
0000000000000000: 00000003 00000000 00000000 0005 03 12345 /dev/socket/lmkd
0000000000000000: 00000003 00000000 00000000 0001 03 55782
0000000000000000: 00000003 00000000 00000000 0005 03 12869
0000000000000000: 00000003 00000000 00000000 0005 03 21071
0000000000000000: 00000003 00000000 00000000 0005 03 20659
0000000000000000: 00000003 00000000 00000000 0005 03 21773
0000000000000000: 00000003 00000000 00000000 0005 03 30269 @jdwp-control
0000000000000000: 00000003 00000000 00000000 0005 03 46907
0000000000000000: 00000003 00000000 00000000 0005 03 14011
0000000000000000: 00000003 00000000 00000000 0005 03 35760
0000000000000000: 00000003 00000000 00000000 0005 03 12853
0000000000000000: 00000003 00000000 00000000 0005 03 10987
0000000000000000: 00000003 00000000 00000000 0001 03 47328
0000000000000000: 00000003 00000000 00000000 0005 03 12412
0000000000000000: 00000002 00000000 00000000 0002 01 21078
0000000000000000: 00000003 00000000 00000000 0005 03 20637
0000000000000000: 00000003 00000000 00000000 0005 03 21960
0000000000000000: 00000003 00000000 00000000 0005 03 20897
0000000000000000: 00000002 00000000 00000000 0002 01 10097
0000000000000000: 00000003 00000000 00000000 0001 03  9122 /dev/socket/traced_producer
0000000000000000: 00000003 00000000 00000000 0005 03 14023 @jdwp-control
0000000000000000: 00000002 00000000 00000000 0002 01 10338
0000000000000000: 00000003 00000000 00000000 0005 03 46442
0000000000000000: 00000003 00000000 00000000 0005 03 55729
0000000000000000: 00000003 00000000 00000000 0005 03 21098
0000000000000000: 00000002 00000000 00000000 0002 01 14372
0000000000000000: 00000003 00000000 00000000 0005 03 11820
0000000000000000: 00000003 00000000 00000000 0005 03 47042
0000000000000000: 00000003 00000000 00000000 0005 03 21029
0000000000000000: 00000003 00000000 00000000 0005 03 12414
0000000000000000: 00000003 00000000 00000000 0005 03 35770
0000000000000000: 00000003 00000000 00000000 0005 03 12819
0000000000000000: 00000002 00000000 00000000 0002 01  7446
0000000000000000: 00000003 00000000 00000000 0005 03 20619 @jdwp-control
0000000000000000: 00000003 00000000 00000000 0005 03 20899
0000000000000000: 00000003 00000000 00000000 0005 03 21568
0000000000000000: 00000002 00000000 00000000 0002 01 10375
0000000000000000: 00000003 00000000 00000000 0005 03 23681 @jdwp-control
0000000000000000: 00000003 00000000 00000000 0005 03 21129
0000000000000000: 00000003 00000000 00000000 0005 03 13396
0000000000000000: 00000003 00000000 00000000 0001 03 55781
0000000000000000: 00000003 00000000 00000000 0005 03 12789
0000000000000000: 00000003 00000000 00000000 0001 03 11005
0000000000000000: 00000003 00000000 00000000 0001 03 47638
0000000000000000: 00000003 00000000 00000000 0005 03 28437 @jdwp-control
0000000000000000: 00000003 00000000 00000000 0005 03 12419
0000000000000000: 00000003 00000000 00000000 0005 03 12421
0000000000000000: 00000002 00000000 00000000 0002 01 10916
0000000000000000: 00000003 00000000 00000000 0001 03 55687
0000000000000000: 00000003 00000000 00000000 0005 03 28029
0000000000000000: 00000002 00000000 00000000 0002 01 55756
0000000000000000: 00000003 00000000 00000000 0005 03 47541
0000000000000000: 00000003 00000000 00000000 0005 03 21134
0000000000000000: 00000003 00000000 00000000 0005 03 30217
0000000000000000: 00000003 00000000 00000000 0005 03 29132
0000000000000000: 00000003 00000000 00000000 0005 03 25943
0000000000000000: 00000002 00000000 00000000 0002 01 21065
0000000000000000: 00000002 00000000 00000000 0002 01  8404
0000000000000000: 00000002 00000000 00000000 0002 01 21920
0000000000000000: 00000003 00000000 00000000 0005 03 14036
0000000000000000: 00000003 00000000 00000000 0005 03 13349
0000000000000000: 00000003 00000000 00000000 0005 03 13131
0000000000000000: 00000003 00000000 00000000 0005 03 47077
0000000000000000: 00000003 00000000 00000000 0005 03 23640
0000000000000000: 00000003 00000000 00000000 0005 03 12423
0000000000000000: 00000003 00000000 00000000 0001 03 12307
0000000000000000: 00000002 00000000 00000000 0002 01  7176
0000000000000000: 00000003 00000000 00000000 0005 03 21046
0000000000000000: 00000003 00000000 00000000 0005 03 30967
0000000000000000: 00000003 00000000 00000000 0005 03 21136
0000000000000000: 00000003 00000000 00000000 0001 03 55753
0000000000000000: 00000002 00000000 00000000 0002 01 29172
0000000000000000: 00000002 00000000 00000000 0002 01 25953
0000000000000000: 00000003 00000000 00000000 0001 03 47321 /dev/socket/traced_producer
0000000000000000: 00000003 00000000 00000000 0005 03 14038
0000000000000000: 00000003 00000000 00000000 0005 03 47484
0000000000000000: 00000003 00000000 00000000 0005 03 10869
0000000000000000: 00000002 00000000 00000000 0002 01  9213
0000000000000000: 00000002 00000000 00000000 0002 01 47568
0000000000000000: 00000003 00000000 00000000 0005 03 21141
0000000000000000: 00000003 00000000 00000000 0005 03 32147
0000000000000000: 00000003 00000000 00000000 0005 03 12425
0000000000000000: 00000003 00000000 00000000 0005 03 11822
0000000000000000: 00000002 00000000 00000000 0002 01  6960
0000000000000000: 00000003 00000000 00000000 0005 03 46913
0000000000000000: 00000003 00000000 00000000 0005 03 21056
0000000000000000: 00000003 00000000 00000000 0005 03 28423
0000000000000000: 00000003 00000000 00000000 0005 03 12739
0000000000000000: 00000002 00000000 00000000 0002 01  8472
0000000000000000: 00000002 00000000 00000000 0002 01 55522
0000000000000000: 00000003 00000000 00000000 0001 03 47324
0000000000000000: 00000003 00000000 00000000 0005 03 46443
0000000000000000: 00000002 00000000 00000000 0002 01 28519
0000000000000000: 00000003 00000000 00000000 0005 03 21457
0000000000000000: 00000003 00000000 00000000 0005 03 47559
0000000000000000: 00000003 00000000 00000000 0005 03 46914 @jdwp-control
0000000000000000: 00000002 00000000 00000000 0002 01 12889
0000000000000000: 00000003 00000000 00000000 0001 03 55759
0000000000000000: 00000003 00000000 00000000 0005 03 32197 @jdwp-control
0000000000000000: 00000002 00000000 00000000 0002 01  6881
0000000000000000: 00000003 00000000 00000000 0005 03 21962
0000000000000000: 00000003 00000000 00000000 0005 03 28422
0000000000000000: 00000002 00000000 00000000 0002 01 10124
0000000000000000: 00000002 00000000 00000000 0002 01  9384
0000000000000000: 00000003 00000000 00000000 0005 03 31014
0000000000000000: 00000003 00000000 00000000 0005 03 29163
0000000000000000: 00000003 00000000 00000000 0005 03 25961 @jdwp-control
0000000000000000: 00000003 00000000 00000000 0005 03 55611
0000000000000000: 00000003 00000000 00000000 0001 03 47538
0000000000000000: 00000002 00000000 00000000 0002 01 34475
0000000000000000: 00000002 00000000 00000000 0002 01 13698
0000000000000000: 00000003 00000000 00000000 0005 03 13284
0000000000000000: 00000003 00000000 00000000 0005 03 13132
0000000000000000: 00000002 00000000 00000000 0002 01 22761
0000000000000000: 00000003 00000000 00000000 0005 03 13662
0000000000000000: 00000003 00000000 00000000 0005 03 13518
0000000000000000: 00000003 00000000 00000000 0001 03 55619
0000000000000000: 00000003 00000000 00000000 0005 03 20749 @jdwp-control
0000000000000000: 00000002 00000000 00000000 0002 01  9924
0000000000000000: 00000002 00000000 00000000 0002 01 11106
0000000000000000: 00000003 00000000 00000000 0005 03 55577
0000000000000000: 00000003 00000000 00000000 0005 03 47531 @jdwp-control
0000000000000000: 00000003 00000000 00000000 0005 03 34471
0000000000000000: 00000003 00000000 00000000 0005 03 20434 @jdwp-control
0000000000000000: 00000003 00000000 00000000 0001 03 13255
0000000000000000: 00000003 00000000 00000000 0001 03 56312
0000000000000000: 00000003 00000000 00000000 0005 03  6386
0000000000000000: 00000003 00000000 00000000 0005 03 30268
0000000000000000: 00000003 00000000 00000000 0005 03 12657
0000000000000000: 00000003 00000000 00000000 0005 03 22671
0000000000000000: 00000003 00000000 00000000 0005 03 13663
0000000000000000: 00000003 00000000 00000000 0001 03 55679
0000000000000000: 00000003 00000000 00000000 0005 03 14324
0000000000000000: 00000002 00000000 00000000 0002 01 11401
0000000000000000: 00000002 00000000 00000000 0002 01  9812
0000000000000000: 00000003 00000000 00000000 0001 03 23066
0000000000000000: 00000003 00000000 00000000 0005 03 13521
0000000000000000: 00000003 00000000 00000000 0001 03 55791
0000000000000000: 00000003 00000000 00000000 0005 03 55575
0000000000000000: 00000003 00000000 00000000 0005 03 47065
0000000000000000: 00000002 00000000 00000000 0002 01 37138
0000000000000000: 00000003 00000000 00000000 0005 03 13192
0000000000000000: 00000003 00000000 00000000 0005 03 13001
0000000000000000: 00000003 00000000 00000000 0001 03 12619 /dev/socket/zygote
0000000000000000: 00000003 00000000 00000000 0005 03 37443
0000000000000000: 00000003 00000000 00000000 0005 03 10863
0000000000000000: 00000002 00000000 00000000 0002 01 10664
0000000000000000: 00000003 00000000 00000000 0005 03 14330
0000000000000000: 00000002 00000000 00000000 0002 01 11032
0000000000000000: 00000003 00000000 00000000 0005 03 20586
0000000000000000: 00000003 00000000 00000000 0005 03 13669 @jdwp-control
0000000000000000: 00000003 00000000 00000000 0005 03 37405
0000000000000000: 00000003 00000000 00000000 0005 03 13862
0000000000000000: 00000003 00000000 00000000 0005 03 13012
0000000000000000: 00000003 00000000 00000000 0005 03 55885
0000000000000000: 00000002 00000000 00000000 0002 01 10577
0000000000000000: 00000003 00000000 00000000 0001 03  9681
0000000000000000: 00000003 00000000 00000000 0001 03 55618
0000000000000000: 00000003 00000000 00000000 0005 03 21786
0000000000000000: 00000003 00000000 00000000 0005 03 14694
0000000000000000: 00000003 00000000 00000000 0005 03 11011
0000000000000000: 00000002 00000000 00000000 0002 01 20678
0000000000000000: 00000002 00000000 00000000 0002 01  9830
0000000000000000: 00000002 00000000 00000000 0002 01 12714
0000000000000000: 00000003 00000000 00000000 0005 03 48699
0000000000000000: 00000003 00000000 00000000 0005 03 47063
0000000000000000: 00000003 00000000 00000000 0005 03 13136
0000000000000000: 00000002 00000000 00000000 0002 01 13033
0000000000000000: 00000003 00000000 00000000 0001 03 55784
0000000000000000: 00000003 00000000 00000000 0005 03 21999
0000000000000000: 00000003 00000000 00000000 0005 03 13523
0000000000000000: 00000003 00000000 00000000 0005 03 21995
0000000000000000: 00000003 00000000 00000000 0005 03 14684
0000000000000000: 00000003 00000000 00000000 0005 03 20663 @jdwp-control
0000000000000000: 00000003 00000000 00000000 0005 03 12427
0000000000000000: 00000002 00000000 00000000 0002 01 10852
0000000000000000: 00000002 00000000 00000000 0002 01 55614
0000000000000000: 00000002 00000000 00000000 0002 01 35629
0000000000000000: 00000003 00000000 00000000 0005 03 20618
0000000000000000: 00000003 00000000 00000000 0005 03 13933
0000000000000000: 00000003 00000000 00000000 0005 03 13129
0000000000000000: 00000003 00000000 00000000 0005 03 12514
0000000000000000: 00000003 00000000 00000000 0001 03 55787 /dev/socket/traced_producer
0000000000000000: 00000002 00000000 00000000 0002 01 30293
0000000000000000: 00000002 00000000 00000000 0002 01  9560
0000000000000000: 00000003 00000000 00000000 0005 03 20684
0000000000000000: 00000002 00000000 00000000 0002 01 10029
0000000000000000: 00000003 00000000 00000000 0005 03 20402
0000000000000000: 00000003 00000000 00000000 0005 03 12428
0000000000000000: 00000003 00000000 00000000 0005 03 20585
0000000000000000: 00000003 00000000 00000000 0001 03 47596
0000000000000000: 00000003 00000000 00000000 0001 03 22916
0000000000000000: 00000003 00000000 00000000 0001 03 56306
0000000000000000: 00000003 00000000 00000000 0005 03 12512
0000000000000000: 00000003 00000000 00000000 0005 03 55578
0000000000000000: 00000003 00000000 00000000 0005 03 37406
0000000000000000: 00000003 00000000 00000000 0005 03 14004
0000000000000000: 00000002 00000000 00000000 0002 01 13123
0000000000000000: 00000002 00000000 00000000 0002 01 20682
0000000000000000: 00000003 00000000 00000000 0005 03 12788
0000000000000000: 00000002 00000000 00000000 0002 01 10034
0000000000000000: 00000003 00000000 00000000 0001 03 55616 /dev/socket/traced_producer
0000000000000000: 00000003 00000000 00000000 0002 01 10667
0000000000000000: 00000003 00000000 00000000 0005 03 20475
0000000000000000: 00000002 00000000 00000000 0002 01 28036
0000000000000000: 00000003 00000000 00000000 0005 03 55570
0000000000000000: 00000002 00000000 00000000 0002 01 47535
0000000000000000: 00000003 00000000 00000000 0001 03 37115
0000000000000000: 00000003 00000000 00000000 0005 03  6388
0000000000000000: 00000003 00000000 00000000 0001 03 56308
0000000000000000: 00000003 00000000 00000000 0005 03 55700
0000000000000000: 00000003 00000000 00000000 0001 03 12476 /dev/socket/mdns
0000000000000000: 00000003 00000000 00000000 0001 03 47330
0000000000000000: 00000003 00000000 00000000 0005 03 12344
0000000000000000: 00000003 00000000 00000000 0005 03 11823
0000000000000000: 00000003 00000000 00000000 0001 03 55691
0000000000000000: 00000002 00000000 00000000 0002 01 47025
0000000000000000: 00000003 00000000 00000000 0005 03 35759
0000000000000000: 00000003 00000000 00000000 0005 03 12870 @jdwp-control
0000000000000000: 00000003 00000000 00000000 0005 03 21072 @jdwp-control
0000000000000000: 00000003 00000000 00000000 0005 03 37444 @jdwp-control
0000000000000000: 00000003 00000000 00000000 0005 03 20900
0000000000000000: 00000002 00000000 00000000 0002 01  9520
0000000000000000: 00000003 00000000 00000000 0005 03 23680
0000000000000000: 00000003 00000000 00000000 0005 03 14010
0000000000000000: 00000003 00000000 00000000 0001 03 55758
0000000000000000: 00000003 00000000 00000000 0005 03 47043
0000000000000000: 00000003 00000000 00000000 0005 03 12854 @jdwp-control
0000000000000000: 00000003 00000000 00000000 0005 03 47481
0000000000000000: 00000003 00000000 00000000 0005 03 12413
0000000000000000: 00000003 00000000 00000000 0005 03 10988
0000000000000000: 00000002 00000000 00000000 0002 01 47566
0000000000000000: 00000002 00000000 00000000 0002 01 55529
0000000000000000: 00000003 00000000 00000000 0005 03 34462
0000000000000000: 00000002 00000000 00000000 0002 01 46456
0000000000000000: 00000003 00000000 00000000 0005 03 47528
0000000000000000: 00000003 00000000 00000000 0001 03 47320
0000000000000000: 00000003 00000000 00000000 0005 03 14022
0000000000000000: 00000002 00000000 00000000 0002 01  8984
0000000000000000: 00000002 00000000 00000000 0002 01 10361
0000000000000000: 00000003 00000000 00000000 0005 03 21099
0000000000000000: 00000003 00000000 00000000 0001 03 47331 @com.android.internal.os.AppZygoteInit/8efcd844-5a9a-423a-9fec-49ef62146764
0000000000000000: 00000003 00000000 00000000 0005 03 12415
0000000000000000: 00000002 00000000 00000000 0002 01 11002
0000000000000000: 00000003 00000000 00000000 0001 03 47637
0000000000000000: 00000003 00000000 00000000 0005 03 35771 @jdwp-control
0000000000000000: 00000003 00000000 00000000 0005 03 20638 @jdwp-control
0000000000000000: 00000003 00000000 00000000 0005 03 12820
0000000000000000: 00000003 00000000 00000000 0005 03 21961
0000000000000000: 00000002 00000000 00000000 0002 01 14031
0000000000000000: 00000003 00000000 00000000 0005 03 55703
0000000000000000: 00000003 00000000 00000000 0005 03 21567
0000000000000000: 00000003 00000000 00000000 0002 01 10669
0000000000000000: 00000003 00000000 00000000 0001 03  9008
0000000000000000: 00000003 00000000 00000000 0001 03 55688
0000000000000000: 00000003 00000000 00000000 0005 03 20658
0000000000000000: 00000003 00000000 00000000 0005 03 21130
0000000000000000: 00000002 00000000 00000000 0002 01 35803
0000000000000000: 00000003 00000000 00000000 0005 03 13397
0000000000000000: 00000003 00000000 00000000 0005 03 12792 @jdwp-control
0000000000000000: 00000003 00000000 00000000 0005 03 21774
0000000000000000: 00000003 00000000 00000000 0005 03 12420
0000000000000000: 00000003 00000000 00000000 0001 03 47311
0000000000000000: 00000003 00000000 00000000 0005 03 20898
0000000000000000: 00000003 00000000 00000000 0005 03 14035
0000000000000000: 00000003 00000000 00000000 0005 03 12740 @jdwp-control
0000000000000000: 00000002 00000000 00000000 0002 01  9165
0000000000000000: 00000002 00000000 00000000 0002 01 10275
0000000000000000: 00000002 00000000 00000000 0002 01 31007
0000000000000000: 00000003 00000000 00000000 0005 03 55704 @jdwp-control
0000000000000000: 00000003 00000000 00000000 0005 03 55535
0000000000000000: 00000003 00000000 00000000 0005 03 46452 @jdwp-control
0000000000000000: 00000003 00000000 00000000 0005 03 29164 @jdwp-control
0000000000000000: 00000003 00000000 00000000 0005 03 25960
0000000000000000: 00000003 00000000 00000000 0005 03 47530
0000000000000000: 00000003 00000000 00000000 0001 03 11006
0000000000000000: 00000002 00000000 00000000 0002 01  9395
0000000000000000: 00000003 00000000 00000000 0005 03 47317
0000000000000000: 00000003 00000000 00000000 0005 03 47078
0000000000000000: 00000003 00000000 00000000 0005 03 13304 @jdwp-control
0000000000000000: 00000003 00000000 00000000 0005 03 11821
0000000000000000: 00000003 00000000 00000000 0005 03 23639
0000000000000000: 00000002 00000000 00000000 0002 01 13350
0000000000000000: 00000003 00000000 00000000 0005 03 47540
0000000000000000: 00000003 00000000 00000000 0001 03 55725
0000000000000000: 00000003 00000000 00000000 0005 03 34461
0000000000000000: 00000003 00000000 00000000 0005 03 29131
0000000000000000: 00000003 00000000 00000000 0005 03 47316
0000000000000000: 00000003 00000000 00000000 0005 03 47485
0000000000000000: 00000003 00000000 00000000 0005 03 14037
0000000000000000: 00000002 00000000 00000000 0002 01  9182
0000000000000000: 00000002 00000000 00000000 0002 01  8440
0000000000000000: 00000003 00000000 00000000 0005 03 13348
0000000000000000: 00000003 00000000 00000000 0005 03 12422
0000000000000000: 00000003 00000000 00000000 0001 03 55690
0000000000000000: 00000003 00000000 00000000 0005 03 21057 @jdwp-control
0000000000000000: 00000003 00000000 00000000 0001 03 12308 /dev/socket/mdnsd
0000000000000000: 00000002 00000000 00000000 0002 01  7122
0000000000000000: 00000003 00000000 00000000 0005 03 21135 @jdwp-control
0000000000000000: 00000003 00000000 00000000 0005 03 20629
0000000000000000: 00000003 00000000 00000000 0005 03 13303
0000000000000000: 00000003 00000000 00000000 0005 03 28436
0000000000000000: 00000003 00000000 00000000 0002 01 10668
0000000000000000: 00000002 00000000 00000000 0002 01  8653
0000000000000000: 00000002 00000000 00000000 0002 01  7729
0000000000000000: 00000002 00000000 00000000 0002 01 47462
0000000000000000: 00000003 00000000 00000000 0005 03 55728
0000000000000000: 00000003 00000000 00000000 0001 03 47327
0000000000000000: 00000003 00000000 00000000 0005 03 46451
0000000000000000: 00000003 00000000 00000000 0005 03 21963
0000000000000000: 00000003 00000000 00000000 0005 03 47560 @jdwp-control
0000000000000000: 00000003 00000000 00000000 0005 03 12424
0000000000000000: 00000002 00000000 00000000 0002 01 32190
0000000000000000: 00000003 00000000 00000000 0005 03 21045
0000000000000000: 00000002 00000000 00000000 0002 01 12895
0000000000000000: 00000003 00000000 00000000 0001 03 12300
0000000000000000: 00000002 00000000 00000000 0002 01  6888
0000000000000000: 00000003 00000000 00000000 0005 03 47066
0000000000000000: 00000003 00000000 00000000 0005 03 28030 @jdwp-control
0000000000000000: 00000003 00000000 00000000 0005 03 21137
0000000000000000: 00000002 00000000 00000000 0002 01 21243
0000000000000000: 00000003 00000000 00000000 0005 03 47529 @jdwp-control
0000000000000000: 00000003 00000000 00000000 0001 03 47323
0000000000000000: 00000002 00000000 00000000 0002 01 10707
0000000000000000: 00000002 00000000 00000000 0002 01 10153
0000000000000000: 00000002 00000000 00000000 0002 01  8885
0000000000000000: 00000003 00000000 00000000 0005 03 46908
0000000000000000: 00000003 00000000 00000000 0005 03 25944
0000000000000000: 00000003 00000000 00000000 0005 03 21458
0000000000000000: 00000003 00000000 00000000 0005 03 21142 @jdwp-control
0000000000000000: 00000003 00000000 00000000 0005 03 20630
0000000000000000: 00000003 00000000 00000000 0001 03 55754
0000000000000000: 00000003 00000000 00000000 0005 03 28024
0000000000000000: 00000003 00000000 00000000 0005 03 12426
0000000000000000: 00000003 00000000 00000000 0005 03 32196
0000000000000000: 00000003 00000000 00000000 0005 03 21030
0000000000000000: 00000003 00000000 00000000 0001 03 12299
0000000000000000: 00000002 00000000 00000000 0002 01  6823
