Num       RefCount Protocol Flags    Type St Inode Path
0000000000000000: 00000002 00000000 00010000 0001 01  7425 /dev/socket/netd
0000000000000000: 00000002 00000000 00010000 0001 01  7430 /dev/socket/dnsproxyd
0000000000000000: 00000002 00000000 00010000 0001 01 51557 @webview_devtools_remote_6080
0000000000000000: 00000002 00000000 00010000 0001 01  7433 /dev/socket/mdns
0000000000000000: 00000002 00000000 00010000 0001 01  7436 /dev/socket/fwmarkd
0000000000000000: 00000004 00000000 00000000 0002 01  7444 /dev/socket/statsdw
0000000000000000: 00000002 00000000 00010000 0001 01 13680 @com.android.internal.os.WebViewZygoteInit/64876564-1ba0-4806-9d15-a00e1942f16c
0000000000000000: 00000002 00000000 00010000 0001 01  4911 /dev/socket/property_service
0000000000000000: 00000002 00000000 00010000 0001 01  5183 /dev/socket/logd
0000000000000000: 00000002 00000000 00010000 0005 01  5188 /dev/socket/logdr
0000000000000000: 00000058 00000000 00000000 0002 01  5191 /dev/socket/logdw
0000000000000000: 00000002 00000000 00000000 0002 01 14445 /dev/socket/wpa_wlan0
0000000000000000: 00000002 00000000 00010000 0001 01 13544 /data/system/ndebugsocket
0000000000000000: 00000002 00000000 00010000 0001 01  8115 /dev/socket/zygote
0000000000000000: 00000002 00000000 00010000 0005 01  7610 /dev/socket/tombstoned_crash
0000000000000000: 00000002 00000000 00010000 0005 01  7615 /dev/socket/tombstoned_intercept
0000000000000000: 00000002 00000000 00010000 0005 01  7618 /dev/socket/tombstoned_java_trace
0000000000000000: 00000002 00000000 00010000 0005 01  5782 @jdwp-control
0000000000000000: 00000002 00000000 00010000 0005 01  5602 /dev/socket/lmkd
0000000000000000: 00000002 00000000 00010000 0001 01  5622 /dev/socket/adbd
0000000000000000: 00000003 00000000 00000000 0005 03 13781
0000000000000000: 00000003 00000000 00000000 0005 03 21169
0000000000000000: 00000003 00000000 00000000 0005 03 40883
0000000000000000: 00000003 00000000 00000000 0005 03 14537
0000000000000000: 00000003 00000000 00000000 0005 03 21429
0000000000000000: 00000002 00000000 00000000 0002 01 51607
0000000000000000: 00000003 00000000 00000000 0005 03 25532 @jdwp-control
0000000000000000: 00000003 00000000 00000000 0005 03 20565 @jdwp-control
0000000000000000: 00000003 00000000 00000000 0001 03 34812
0000000000000000: 00000003 00000000 00000000 0005 03 14177
0000000000000000: 00000003 00000000 00000000 0005 03 11729
0000000000000000: 00000002 00000000 00000000 0002 01  6451
0000000000000000: 00000002 00000000 00000000 0002 01 27807
0000000000000000: 00000002 00000000 00000000 0002 01  9014
0000000000000000: 00000003 00000000 00000000 0005 03  5776 /dev/socket/logdr
0000000000000000: 00000002 00000000 00000000 0002 01 38792
0000000000000000: 00000003 00000000 00000000 0005 03 15280
0000000000000000: 00000003 00000000 00000000 0005 03  4921
0000000000000000: 00000003 00000000 00000000 0005 03 13780
0000000000000000: 00000003 00000000 00000000 0005 03 39144 @jdwp-control
0000000000000000: 00000003 00000000 00000000 0005 03 43071
0000000000000000: 00000003 00000000 00000000 0005 03 28931 @jdwp-control
0000000000000000: 00000002 00000000 00000000 0002 01  6459
0000000000000000: 00000003 00000000 00000000 0005 03 51601 @jdwp-control
0000000000000000: 00000003 00000000 00000000 0005 03 42243
0000000000000000: 00000003 00000000 00000000 0005 03 20144
0000000000000000: 00000003 00000000 00000000 0005 03 39441
0000000000000000: 00000003 00000000 00000000 0005 03 38742
0000000000000000: 00000003 00000000 00000000 0005 03 33997 @jdwp-control
0000000000000000: 00000003 00000000 00000000 0005 03  4923
0000000000000000: 00000003 00000000 00000000 0005 03 27812 @jdwp-control
0000000000000000: 00000003 00000000 00000000 0005 03 20623
0000000000000000: 00000002 00000000 00000000 0002 01  8674
0000000000000000: 00000003 00000000 00000000 0005 03 43070
0000000000000000: 00000003 00000000 00000000 0005 03 14729
0000000000000000: 00000003 00000000 00000000 0005 03 39394
0000000000000000: 00000003 00000000 00000000 0005 03 14827
0000000000000000: 00000002 00000000 00000000 0002 01 11547
0000000000000000: 00000003 00000000 00000000 0005 03 39442 @jdwp-control
0000000000000000: 00000003 00000000 00000000 0001 03  5783
0000000000000000: 00000003 00000000 00000000 0005 03 38806 @jdwp-control
0000000000000000: 00000003 00000000 00000000 0001 03  4909
0000000000000000: 00000003 00000000 00000000 0005 03 20541
0000000000000000: 00000003 00000000 00000000 0001 03 14958 @com.android.internal.os.WebViewZygoteInit/64876564-1ba0-4806-9d15-a00e1942f16c
0000000000000000: 00000003 00000000 00000000 0005 03 11736
0000000000000000: 00000002 00000000 00000000 0002 01  6033
0000000000000000: 00000003 00000000 00000000 0005 03 24365 @jdwp-control
0000000000000000: 00000003 00000000 00000000 0005 03 42185
0000000000000000: 00000003 00000000 00000000 0005 03 40924
0000000000000000: 00000003 00000000 00000000 0005 03 11549 /dev/socket/lmkd
0000000000000000: 00000003 00000000 00000000 0001 03 13315
0000000000000000: 00000003 00000000 00000000 0005 03 51504
0000000000000000: 00000003 00000000 00000000 0005 03 33983
0000000000000000: 00000003 00000000 00000000 0001 03 51649
0000000000000000: 00000003 00000000 00000000 0005 03 13709
0000000000000000: 00000003 00000000 00000000 0005 03 14482
0000000000000000: 00000003 00000000 00000000 0001 03  5784
0000000000000000: 00000003 00000000 00000000 0005 03 51600
0000000000000000: 00000003 00000000 00000000 0005 03 20282
0000000000000000: 00000003 00000000 00000000 0001 03  5781
0000000000000000: 00000003 00000000 00000000 0005 03 28834
0000000000000000: 00000003 00000000 00000000 0005 03 23687
0000000000000000: 00000003 00000000 00000000 0005 03 11724
0000000000000000: 00000003 00000000 00000000 0005 03 10813
0000000000000000: 00000002 00000000 00000000 0002 01 14888
0000000000000000: 00000003 00000000 00000000 0001 03 51648
0000000000000000: 00000003 00000000 00000000 0005 03 33982
0000000000000000: 00000003 00000000 00000000 0005 03 20542 @jdwp-control
0000000000000000: 00000002 00000000 00000000 0002 01  5574
0000000000000000: 00000002 00000000 00000000 0002 01  5374
0000000000000000: 00000003 00000000 00000000 0005 03 51446
0000000000000000: 00000003 00000000 00000000 0001 03 13316 /dev/socket/netd
0000000000000000: 00000002 00000000 00000000 0002 01 40926
0000000000000000: 00000003 00000000 00000000 0001 03 25124
0000000000000000: 00000003 00000000 00000000 0005 03 24343
0000000000000000: 00000002 00000000 00000000 0002 01 39608
0000000000000000: 00000003 00000000 00000000 0005 03 14119
0000000000000000: 00000002 00000000 00000000 0002 01  6427
0000000000000000: 00000003 00000000 00000000 0005 03 28895
0000000000000000: 00000003 00000000 00000000 0001 03 22057
0000000000000000: 00000003 00000000 00000000 0005 03 11733
0000000000000000: 00000002 00000000 00000000 0002 01 37354
0000000000000000: 00000003 00000000 00000000 0001 03 34807
0000000000000000: 00000003 00000000 00000000 0005 03 25455
0000000000000000: 00000002 00000000 00000000 0002 01 14554
0000000000000000: 00000003 00000000 00000000 0001 03 13342 /dev/socket/mdns
0000000000000000: 00000003 00000000 00000000 0005 03 39377 @jdwp-control
0000000000000000: 00000003 00000000 00000000 0005 03 24342
0000000000000000: 00000003 00000000 00000000 0005 03 13400
0000000000000000: 00000003 00000000 00000000 0005 03 27820
0000000000000000: 00000002 00000000 00000000 0002 01  5702
0000000000000000: 00000003 00000000 00000000 0005 03 28930
0000000000000000: 00000002 00000000 00000000 0002 01 25492
0000000000000000: 00000003 00000000 00000000 0001 03 22034
0000000000000000: 00000003 00000000 00000000 0005 03 11731
0000000000000000: 00000003 00000000 00000000 0001 03 14957
0000000000000000: 00000003 00000000 00000000 0001 03  6195
0000000000000000: 00000003 00000000 00000000 0005 03 14570
0000000000000000: 00000003 00000000 00000000 0005 03 13402
0000000000000000: 00000002 00000000 00000000 0002 01 39131
0000000000000000: 00000002 00000000 00000000 0002 01  8511
0000000000000000: 00000002 00000000 00000000 0002 01  5235
0000000000000000: 00000003 00000000 00000000 0005 03 25054 @jdwp-control
0000000000000000: 00000003 00000000 00000000 0001 03 14208
0000000000000000: 00000003 00000000 00000000 0005 03 27909
0000000000000000: 00000003 00000000 00000000 0005 03 20230
0000000000000000: 00000003 00000000 00000000 0005 03 14479
0000000000000000: 00000002 00000000 00000000 0002 01  6175
0000000000000000: 00000003 00000000 00000000 0005 03 28835
0000000000000000: 00000002 00000000 00000000 0002 01 23713
0000000000000000: 00000003 00000000 00000000 0005 03 11725
0000000000000000: 00000003 00000000 00000000 0005 03 43089 @jdwp-control
0000000000000000: 00000003 00000000 00000000 0005 03 37300
0000000000000000: 00000003 00000000 00000000 0005 03 14828
0000000000000000: 00000002 00000000 00000000 0002 01  6832
0000000000000000: 00000003 00000000 00000000 0005 03 20693
0000000000000000: 00000003 00000000 00000000 0005 03 39556 @jdwp-control
0000000000000000: 00000002 00000000 00000000 0002 01 24003
0000000000000000: 00000003 00000000 00000000 0002 01  9590
0000000000000000: 00000002 00000000 00000000 0002 01 21226
0000000000000000: 00000003 00000000 00000000 0005 03 20523
0000000000000000: 00000003 00000000 00000000 0001 03 51555
0000000000000000: 00000003 00000000 00000000 0005 03 51688
0000000000000000: 00000003 00000000 00000000 0005 03 21256
0000000000000000: 00000003 00000000 00000000 0005 03 11261
0000000000000000: 00000003 00000000 00000000 0005 03 11738
0000000000000000: 00000003 00000000 00000000 0001 03 51680
0000000000000000: 00000003 00000000 00000000 0005 03 21231 @jdwp-control
0000000000000000: 00000003 00000000 00000000 0005 03 21301
0000000000000000: 00000003 00000000 00000000 0005 03 20332
0000000000000000: 00000002 00000000 00000000 0002 01 10045
0000000000000000: 00000003 00000000 00000000 0001 03 43053
0000000000000000: 00000003 00000000 00000000 0005 03 11263
0000000000000000: 00000003 00000000 00000000 0005 03 37348
0000000000000000: 00000003 00000000 00000000 0005 03 14999
0000000000000000: 00000002 00000000 00000000 0002 01 43092
0000000000000000: 00000003 00000000 00000000 0005 03 13736 @jdwp-control
0000000000000000: 00000003 00000000 00000000 0005 03 22208
0000000000000000: 00000002 00000000 00000000 0002 01 20470
0000000000000000: 00000003 00000000 00000000 0005 03 10068
0000000000000000: 00000003 00000000 00000000 0001 03 51677
0000000000000000: 00000003 00000000 00000000 0005 03 51505
0000000000000000: 00000003 00000000 00000000 0005 03 39289
0000000000000000: 00000003 00000000 00000000 0005 03 28943 @jdwp-control
0000000000000000: 00000003 00000000 00000000 0005 03 13720
0000000000000000: 00000003 00000000 00000000 0001 03 51566
0000000000000000: 00000003 00000000 00000000 0005 03 39555
0000000000000000: 00000003 00000000 00000000 0005 03 20631
0000000000000000: 00000003 00000000 00000000 0001 03  9993
0000000000000000: 00000003 00000000 00000000 0005 03 24007
0000000000000000: 00000003 00000000 00000000 0005 03 21254
0000000000000000: 00000003 00000000 00000000 0005 03 21087
0000000000000000: 00000002 00000000 00000000 0002 01  9423
0000000000000000: 00000003 00000000 00000000 0005 03 23986
0000000000000000: 00000003 00000000 00000000 0005 03 22209
0000000000000000: 00000002 00000000 00000000 0002 01 21489
0000000000000000: 00000003 00000000 00000000 0005 03 13735
0000000000000000: 00000002 00000000 00000000 0002 01  6578
0000000000000000: 00000003 00000000 00000000 0005 03 51660
0000000000000000: 00000003 00000000 00000000 0005 03 39520
0000000000000000: 00000003 00000000 00000000 0005 03 39006
0000000000000000: 00000003 00000000 00000000 0005 03 20331
0000000000000000: 00000003 00000000 00000000 0005 03 51689
0000000000000000: 00000003 00000000 00000000 0001 03 51563
0000000000000000: 00000003 00000000 00000000 0001 03 43052
0000000000000000: 00000002 00000000 00000000 0002 01  6480
0000000000000000: 00000003 00000000 00000000 0005 03 15515
0000000000000000: 00000003 00000000 00000000 0005 03 51507
0000000000000000: 00000003 00000000 00000000 0005 03 27782
0000000000000000: 00000003 00000000 00000000 0005 03 25017
0000000000000000: 00000003 00000000 00000000 0005 03 14064 @jdwp-control
0000000000000000: 00000003 00000000 00000000 0005 03 10854
0000000000000000: 00000002 00000000 00000000 0002 01 20670
0000000000000000: 00000002 00000000 00000000 0002 01  6681
0000000000000000: 00000003 00000000 00000000 0001 03 51684
0000000000000000: 00000002 00000000 00000000 0002 01 10013
0000000000000000: 00000003 00000000 00000000 0001 03 51683
0000000000000000: 00000003 00000000 00000000 0005 03 28942
0000000000000000: 00000003 00000000 00000000 0005 03 51661
0000000000000000: 00000003 00000000 00000000 0001 03 24961
0000000000000000: 00000003 00000000 00000000 0005 03 21151
0000000000000000: 00000003 00000000 00000000 0005 03 24008 @jdwp-control
0000000000000000: 00000003 00000000 00000000 0005 03 14990
0000000000000000: 00000002 00000000 00000000 0002 01  6662
0000000000000000: 00000003 00000000 00000000 0005 03 20564
0000000000000000: 00000003 00000000 00000000 0005 03 51586
0000000000000000: 00000003 00000000 00000000 0005 03 14178 @jdwp-control
0000000000000000: 00000003 00000000 00000000 0005 03 13708
0000000000000000: 00000003 00000000 00000000 0005 03 27811
0000000000000000: 00000002 00000000 00000000 0002 01  9020
0000000000000000: 00000003 00000000 00000000 0005 03 38743
0000000000000000: 00000003 00000000 00000000 0005 03 15281
0000000000000000: 00000003 00000000 00000000 0001 03  5780
0000000000000000: 00000003 00000000 00000000 0005 03  4922
0000000000000000: 00000003 00000000 00000000 0005 03 14826
0000000000000000: 00000003 00000000 00000000 0005 03 21170
0000000000000000: 00000003 00000000 00000000 0005 03 40882
0000000000000000: 00000003 00000000 00000000 0005 03 24364
0000000000000000: 00000002 00000000 00000000 0002 01 13840
0000000000000000: 00000003 00000000 00000000 0001 03 13471
0000000000000000: 00000003 00000000 00000000 0005 03 20283 @jdwp-control
0000000000000000: 00000003 00000000 00000000 0005 03 11727
0000000000000000: 00000003 00000000 00000000 0005 03 51494 @jdwp-control
0000000000000000: 00000003 00000000 00000000 0005 03  5775
0000000000000000: 00000003 00000000 00000000 0005 03 27821
0000000000000000: 00000002 00000000 00000000 0002 01  8997
0000000000000000: 00000003 00000000 00000000 0005 03 14831
0000000000000000: 00000003 00000000 00000000 0005 03 21428
0000000000000000: 00000003 00000000 00000000 0005 03 42186
0000000000000000: 00000003 00000000 00000000 0001 03 29920
0000000000000000: 00000003 00000000 00000000 0005 03 51656
0000000000000000: 00000002 00000000 00000000 0002 01 10209
0000000000000000: 00000002 00000000 00000000 0002 01 34006
0000000000000000: 00000003 00000000 00000000 0005 03 25454
0000000000000000: 00000003 00000000 00000000 0001 03  4910
0000000000000000: 00000003 00000000 00000000 0005 03 20231
0000000000000000: 00000003 00000000 00000000 0005 03 11735
0000000000000000: 00000003 00000000 00000000 0001 03 34813
0000000000000000: 00000002 00000000 00000000 0002 01 28935
0000000000000000: 00000003 00000000 00000000 0005 03 23697
0000000000000000: 00000003 00000000 00000000 0001 03 13472 /dev/socket/zygote
0000000000000000: 00000003 00000000 00000000 0005 03 43088
0000000000000000: 00000003 00000000 00000000 0005 03 14728
0000000000000000: 00000002 00000000 00000000 0002 01 24358
0000000000000000: 00000003 00000000 00000000 0005 03 11548
0000000000000000: 00000003 00000000 00000000 0005 03 38805
0000000000000000: 00000003 00000000 00000000 0005 03 23698 @jdwp-control
0000000000000000: 00000003 00000000 00000000 0005 03 20622
0000000000000000: 00000003 00000000 00000000 0005 03  4920
0000000000000000: 00000003 00000000 00000000 0005 03 51657
0000000000000000: 00000003 00000000 00000000 0001 03 14209
0000000000000000: 00000002 00000000 00000000 0002 01  9400
0000000000000000: 00000003 00000000 00000000 0005 03 42244 @jdwp-control
0000000000000000: 00000003 00000000 00000000 0005 03 14481
0000000000000000: 00000002 00000000 00000000 0002 01  5985
0000000000000000: 00000002 00000000 00000000 0002 01 20537
0000000000000000: 00000003 00000000 00000000 0005 03 11726
0000000000000000: 00000003 00000000 00000000 0005 03 39143
0000000000000000: 00000003 00000000 00000000 0001 03 29923
0000000000000000: 00000002 00000000 00000000 0002 01 14938
0000000000000000: 00000002 00000000 00000000 0002 01 51438
0000000000000000: 00000003 00000000 00000000 0005 03 14829
0000000000000000: 00000003 00000000 00000000 0001 03 13341
0000000000000000: 00000003 00000000 00000000 0005 03 40925 @jdwp-control
0000000000000000: 00000003 00000000 00000000 0005 03 39393
0000000000000000: 00000003 00000000 00000000 0001 03 52159
0000000000000000: 00000003 00000000 00000000 0005 03 28894
0000000000000000: 00000003 00000000 00000000 0005 03 23686
0000000000000000: 00000002 00000000 00000000 0002 01 13927
0000000000000000: 00000003 00000000 00000000 0005 03 11734
0000000000000000: 00000002 00000000 00000000 0002 01  6435
0000000000000000: 00000002 00000000 00000000 0002 01  5320
0000000000000000: 00000003 00000000 00000000 0005 03 27910 @jdwp-control
0000000000000000: 00000003 00000000 00000000 0005 03 10812
0000000000000000: 00000003 00000000 00000000 0005 03 51447
0000000000000000: 00000003 00000000 00000000 0001 03 25123
0000000000000000: 00000003 00000000 00000000 0005 03 25531
0000000000000000: 00000003 00000000 00000000 0001 03 22035
0000000000000000: 00000003 00000000 00000000 0005 03 11732
0000000000000000: 00000003 00000000 00000000 0005 03 51493
0000000000000000: 00000002 00000000 00000000 0002 01  7191
0000000000000000: 00000002 00000000 00000000 0002 01  5523
0000000000000000: 00000003 00000000 00000000 0001 03 51636
0000000000000000: 00000003 00000000 00000000 0005 03 33996
0000000000000000: 00000003 00000000 00000000 0005 03 14120
0000000000000000: 00000002 00000000 00000000 0002 01  6420
0000000000000000: 00000002 00000000 00000000 0002 01  5381
0000000000000000: 00000003 00000000 00000000 0005 03 37299
0000000000000000: 00000003 00000000 00000000 0001 03 29919
0000000000000000: 00000003 00000000 00000000 0005 03 14569
0000000000000000: 00000003 00000000 00000000 0005 03 13401
0000000000000000: 00000003 00000000 00000000 0005 03 10855 @jdwp-control
0000000000000000: 00000002 00000000 00000000 0002 01  8636
0000000000000000: 00000002 00000000 00000000 0002 01 25061
0000000000000000: 00000002 00000000 00000000 0002 01  5672
0000000000000000: 00000003 00000000 00000000 0005 03 39376
0000000000000000: 00000002 00000000 00000000 0002 01 28879
0000000000000000: 00000003 00000000 00000000 0001 03 22058
0000000000000000: 00000003 00000000 00000000 0005 03 20143
0000000000000000: 00000003 00000000 00000000 0005 03 14480
0000000000000000: 00000003 00000000 00000000 0005 03 11730
0000000000000000: 00000003 00000000 00000000 0001 03  6194
0000000000000000: 00000003 00000000 00000000 0001 03 34806
0000000000000000: 00000003 00000000 00000000 0005 03 14830
0000000000000000: 00000003 00000000 00000000 0001 03 29922
0000000000000000: 00000003 00000000 00000000 0005 03 14536
0000000000000000: 00000003 00000000 00000000 0005 03 13403
0000000000000000: 00000002 00000000 00000000 0002 01 39437
0000000000000000: 00000002 00000000 00000000 0002 01 14190
0000000000000000: 00000002 00000000 00000000 0002 01 39347
0000000000000000: 00000002 00000000 00000000 0002 01 27859
0000000000000000: 00000002 00000000 00000000 0002 01 10303
0000000000000000: 00000003 00000000 00000000 0001 03 51633
0000000000000000: 00000002 00000000 00000000 0002 01 42236
0000000000000000: 00000002 00000000 00000000 0002 01 20274
0000000000000000: 00000003 00000000 00000000 0005 03 11737
0000000000000000: 00000003 00000000 00000000 0005 03 21302
0000000000000000: 00000003 00000000 00000000 0005 03 20474
0000000000000000: 00000002 00000000 00000000 0002 01  9582
0000000000000000: 00000003 00000000 00000000 0005 03 14686
0000000000000000: 00000003 00000000 00000000 0005 03 37350 @jdwp-control
0000000000000000: 00000003 00000000 00000000 0001 03 21987
0000000000000000: 00000003 00000000 00000000 0005 03 21257
0000000000000000: 00000003 00000000 00000000 0005 03 11262
0000000000000000: 00000002 00000000 00000000 0002 01  6839
0000000000000000: 00000003 00000000 00000000 0005 03 20522
0000000000000000: 00000003 00000000 00000000 0005 03 39519
0000000000000000: 00000003 00000000 00000000 0005 03 25053
0000000000000000: 00000003 00000000 00000000 0005 03 20333
0000000000000000: 00000002 00000000 00000000 0002 01 10093
0000000000000000: 00000003 00000000 00000000 0001 03 52157
0000000000000000: 00000003 00000000 00000000 0001 03 21988
0000000000000000: 00000003 00000000 00000000 0005 03 11264
0000000000000000: 00000003 00000000 00000000 0005 03 51585
0000000000000000: 00000002 00000000 00000000 0002 01  6749
0000000000000000: 00000003 00000000 00000000 0005 03 15000 @jdwp-control
0000000000000000: 00000003 00000000 00000000 0005 03 51506
0000000000000000: 00000003 00000000 00000000 0005 03 39005
0000000000000000: 00000003 00000000 00000000 0001 03 52156
0000000000000000: 00000003 00000000 00000000 0005 03 13719
0000000000000000: 00000003 00000000 00000000 0005 03 21305
0000000000000000: 00000003 00000000 00000000 0005 03 20425
0000000000000000: 00000002 00000000 00000000 0002 01 10849
0000000000000000: 00000002 00000000 00000000 0002 01 13846
0000000000000000: 00000002 00000000 00000000 0001 03 52154
0000000000000000: 00000003 00000000 00000000 0005 03 39290
0000000000000000: 00000002 00000000 00000000 0002 01 15033
0000000000000000: 00000003 00000000 00000000 0001 03 51564
0000000000000000: 00000003 00000000 00000000 0001 03 51676
0000000000000000: 00000003 00000000 00000000 0001 03 51635
0000000000000000: 00000003 00000000 00000000 0005 03 21086
0000000000000000: 00000003 00000000 00000000 0005 03 20426
0000000000000000: 00000003 00000000 00000000 0002 01  9591
0000000000000000: 00000003 00000000 00000000 0005 03 15514
0000000000000000: 00000002 00000000 00000000 0002 01  7013
0000000000000000: 00000003 00000000 00000000 0001 03 52158
0000000000000000: 00000003 00000000 00000000 0005 03 14991
0000000000000000: 00000003 00000000 00000000 0001 03 51681
0000000000000000: 00000003 00000000 00000000 0001 03 24960
0000000000000000: 00000003 00000000 00000000 0001 03  9994
0000000000000000: 00000002 00000000 00000000 0002 01 21147
0000000000000000: 00000003 00000000 00000000 0005 03 20334
0000000000000000: 00000003 00000000 00000000 0005 03 21477
0000000000000000: 00000003 00000000 00000000 0005 03 21255
0000000000000000: 00000002 00000000 00000000 0002 01  6487
0000000000000000: 00000003 00000000 00000000 0005 03 20694 @jdwp-control
0000000000000000: 00000003 00000000 00000000 0005 03 21230
0000000000000000: 00000003 00000000 00000000 0005 03 10069
0000000000000000: 00000003 00000000 00000000 0001 03 51554
0000000000000000: 00000003 00000000 00000000 0005 03 14687
0000000000000000: 00000003 00000000 00000000 0005 03 13742 @jdwp-control
0000000000000000: 00000002 00000000 00000000 0002 01  8160
0000000000000000: 00000002 00000000 00000000 0002 01 11652
0000000000000000: 00000002 00000000 00000000 0002 01  6675
0000000000000000: 00000002 00000000 00000000 0002 01  8400
0000000000000000: 00000002 00000000 00000000 0002 01 20719
0000000000000000: 00000003 00000000 00000000 0005 03 21306
0000000000000000: 00000003 00000000 00000000 0005 03 14063
0000000000000000: 00000003 00000000 00000000 0005 03 13741
0000000000000000: 00000003 00000000 00000000 0001 03 51567
0000000000000000: 00000003 00000000 00000000 0005 03 25018
0000000000000000: 00000003 00000000 00000000 0005 03 20475
0000000000000000: 00000002 00000000 00000000 0002 01  6631
0000000000000000: 00000003 00000000 00000000 0005 03 23985
0000000000000000: 00000003 00000000 00000000 0005 03 20632 @jdwp-control
0000000000000000: 00000003 00000000 00000000 0005 03 27783
0000000000000000: 00000003 00000000 00000000 0005 03 21152 @jdwp-control
0000000000000000: 00000003 00000000 00000000 0001 03 51634
0000000000000000: 00000003 00000000 00000000 0005 03 21478 @jdwp-control
0000000000000000: 00000002 00000000 00000000 0002 01 10053
