Num       RefCount Protocol Flags    Type St Inode Path
0000000000000000: 00000003 00000000 00000000 0005 03 19026
0000000000000000: 00000002 00000000 00000000 0002 03 18389
0000000000000000: 00000003 00000000 00000000 0005 03 16725
0000000000000000: 00000003 00000000 00000000 0005 03 13832
0000000000000000: 00000002 00000000 00000000 0002 03 19688
0000000000000000: 00000003 00000000 00000000 0005 03 16501
0000000000000000: 00000002 00000000 00000000 0002 03 13315
0000000000000000: 00000003 00000000 00000000 0001 03 12493
0000000000000000: 00000003 00000000 00000000 0005 03 12502
0000000000000000: 00000002 00000000 00000000 0002 03 13403
0000000000000000: 00000002 00000000 00000000 0002 03  6960
0000000000000000: 00000002 00000000 00000000 0002 03 14847
0000000000000000: 00000002 00000000 00000000 0002 03 15411
0000000000000000: 00000002 00000000 00000000 0002 03  7685
0000000000000000: 00000002 00000000 00000000 0002 03 20144
0000000000000000: 00000002 00000000 00000000 0002 03 17935
0000000000000000: 00000002 00000000 00000000 0002 03 13334
0000000000000000: 00000003 00000000 00000000 0001 03 16864
0000000000000000: 00000003 00000000 00000000 0005 03 13858
0000000000000000: 00000003 00000000 00000000 0001 03 12646 /dev/socket/zygote
0000000000000000: 00000002 00000000 00000000 0002 01 10100 /data/system/unsolzygotesocket
0000000000000000: 00000003 00000000 00000000 0001 03  3281
0000000000000000: 00000002 00000000 00000000 0002 03  6875
0000000000000000: 00000002 00000000 00000000 0002 03  4245
0000000000000000: 00000002 00000000 00000000 0002 03 17706
0000000000000000: 00000003 00000000 00000000 0005 03 15432
0000000000000000: 00000003 00000000 00000000 0005 03 12501
0000000000000000: 00000002 00000000 00010000 0001 01  3203 /dev/socket/prng_seeder
0000000000000000: 00000002 00000000 00000000 0002 03 19425
0000000000000000: 00000003 00000000 00000000 0005 03 13405
0000000000000000: 00000002 00000000 00000000 0002 03 17975
0000000000000000: 00000002 00000000 00000000 0002 03 16526
0000000000000000: 00000002 00000000 00000000 0002 03 19888
0000000000000000: 00000003 00000000 00000000 0005 03 12957
0000000000000000: 00000003 00000000 00000000 0005 03 15433
0000000000000000: 00000003 00000000 00000000 0005 03 14972
0000000000000000: 00000002 00000000 00000000 0002 03  6562
0000000000000000: 00000002 00000000 00000000 0002 03  3930
0000000000000000: 00000003 00000000 00000000 0005 03 19002
0000000000000000: 00000002 00000000 00000000 0002 03 17762
0000000000000000: 00000003 00000000 00000000 0005 03 31883
0000000000000000: 00000003 00000000 00000000 0005 03 13651
0000000000000000: 00000003 00000000 00000000 0001 03 10013
0000000000000000: 00000003 00000000 00000000 0005 03 13363
0000000000000000: 00000003 00000000 00000000 0005 03 12975
0000000000000000: 00000002 00000000 00000000 0002 03 18009
0000000000000000: 00000002 00000000 00000000 0002 03 16834
0000000000000000: 00000002 00000000 00000000 0002 03 14708
0000000000000000: 00000003 00000000 00000000 0005 03 13537
0000000000000000: 00000002 00000000 00010000 0001 01  3311 /dev/socket/logd
0000000000000000: 00000002 00000000 00000000 0002 03 12492
0000000000000000: 00000002 00000000 00000000 0002 03  8036
0000000000000000: 00000002 00000000 00010000 0005 01  3313 /dev/socket/logdr
0000000000000000: 00000002 00000000 00000000 0002 03  6391
0000000000000000: 0000008A 00000000 00000000 0002 03  3315 /dev/socket/logdw
0000000000000000: 00000003 00000000 00000000 0005 03 15427
0000000000000000: 00000003 00000000 00000000 0005 03 11016
0000000000000000: 00000002 00000000 00010000 0005 01  3329 /dev/socket/lmkd
0000000000000000: 00000002 00000000 00000000 0002 03 19667
0000000000000000: 00000003 00000000 00000000 0001 03 13645
0000000000000000: 00000003 00000000 00000000 0001 03 17367
0000000000000000: 00000003 00000000 00000000 0005 03 13833
0000000000000000: 00000002 00000000 00000000 0002 03 18094
0000000000000000: 00000002 00000000 00000000 0002 03 16730
0000000000000000: 00000002 00000000 00000000 0002 03 14793
0000000000000000: 00000003 00000000 00000000 0005 03 13364
0000000000000000: 00000002 00000000 00000000 0002 03  8374
0000000000000000: 00000002 00000000 00000000 0002 03 16236
0000000000000000: 00000003 00000000 00000000 0005 03 13538
0000000000000000: 00000002 00000000 00000000 0002 03 15458
0000000000000000: 00000002 00000000 00000000 0002 03 15020
0000000000000000: 00000002 00000000 00000000 0002 03  7977
0000000000000000: 00000002 00000000 00000000 0002 03 19718
0000000000000000: 00000002 00000000 00000000 0002 03 19300
0000000000000000: 00000003 00000000 00000000 0005 03 12932
0000000000000000: 00000002 00000000 00000000 0002 03 13790
0000000000000000: 00000003 00000000 00000000 0005 03 13411
0000000000000000: 00000003 00000000 00000000 0001 03 20287
0000000000000000: 00000003 00000000 00000000 0005 03 16708
0000000000000000: 00000003 00000000 00000000 0005 03 13670
0000000000000000: 00000003 00000000 00000000 0005 03 31868
0000000000000000: 00000002 00000000 00000000 0002 03 17486
0000000000000000: 00000003 00000000 00000000 0005 03 11022
0000000000000000: 00000002 00000000 00000000 0002 03  7311
0000000000000000: 00000002 00000000 00000000 0002 03 15013
0000000000000000: 00000002 00000000 00000000 0002 03  8131
0000000000000000: 00000002 00000000 00000000 0002 03 13667
0000000000000000: 00000003 00000000 00000000 0005 03 13379
0000000000000000: 00000002 00000000 00000000 0002 03 31853
0000000000000000: 00000002 00000000 00000000 0002 03 20427
0000000000000000: 00000002 00000000 00000000 0002 03 19298
0000000000000000: 00000003 00000000 00000000 0005 03 18167
0000000000000000: 00000002 00000000 00000000 0002 03 17446
0000000000000000: 00000003 00000000 00000000 0001 03 15929 /dev/socket/traced_producer
0000000000000000: 00000002 00000000 00000000 0002 03 13053
0000000000000000: 00000003 00000000 00000000 0005 03 31880
0000000000000000: 00000003 00000000 00000000 0005 03 13812
0000000000000000: 00000002 00000000 00000000 0002 03  7184
0000000000000000: 00000002 00000000 00000000 0002 03  5596
0000000000000000: 00000003 00000000 00000000 0005 03 15397
0000000000000000: 00000002 00000000 00000000 0002 03 13525
0000000000000000: 00000003 00000000 00000000 0005 03 11013
0000000000000000: 00000002 00000000 00000000 0002 03 20428
0000000000000000: 00000002 00000000 00000000 0002 03 19142
0000000000000000: 00000003 00000000 00000000 0005 03 12931
0000000000000000: 00000002 00000000 00000000 0002 03 13709
0000000000000000: 00000002 00000000 00000000 0002 03 18164
0000000000000000: 00000002 00000000 00000000 0002 03 18997
0000000000000000: 00000002 00000000 00000000 0002 03  8084
0000000000000000: 00000002 00000000 00000000 0002 03 13376
0000000000000000: 00000003 00000000 00000000 0005 03 11018
0000000000000000: 00000002 00000000 00000000 0002 03  7185
0000000000000000: 00000002 00000000 00000000 0002 03 16233
0000000000000000: 00000003 00000000 00000000 0001 03 15928
0000000000000000: 00000003 00000000 00000000 0005 03 31728
0000000000000000: 00000002 00000000 00000000 0002 03 17347
0000000000000000: 00000003 00000000 00000000 0001 03 13628
0000000000000000: 00000003 00000000 00000000 0001 03  9809
0000000000000000: 00000002 00000000 00000000 0002 03 13703
0000000000000000: 00000002 00000000 00000000 0002 03 19722
0000000000000000: 00000002 00000000 00000000 0002 03 15029
0000000000000000: 00000002 00000000 00000000 0002 03  7976
0000000000000000: 00000003 00000000 00000000 0005 03 31870 @jdwp-control
0000000000000000: 00000003 00000000 00000000 0005 03 18170 @jdwp-control
0000000000000000: 00000002 00000000 00000000 0002 03  6179
0000000000000000: 00000002 00000000 00000000 0002 03 16978
0000000000000000: 00000003 00000000 00000000 0005 03 15364
0000000000000000: 00000002 00000000 00000000 0002 03 17160
0000000000000000: 00000003 00000000 00000000 0001 03 13644
0000000000000000: 00000003 00000000 00000000 0005 03 16714
0000000000000000: 00000003 00000000 00000000 0001 03 15429
0000000000000000: 00000003 00000000 00000000 0005 03 13811
0000000000000000: 00000003 00000000 00000000 0001 03 32356
0000000000000000: 00000003 00000000 00000000 0005 03 26225
0000000000000000: 00000003 00000000 00000000 0001 03 13534 /dev/socket/mdnsd
0000000000000000: 00000002 00000000 00000000 0002 03 12703
0000000000000000: 00000002 00000000 00000000 0002 03  6356
0000000000000000: 00000003 00000000 00000000 0005 03 18731
0000000000000000: 00000002 00000000 00000000 0002 03 16485
0000000000000000: 00000002 00000000 00000000 0002 03  9166
0000000000000000: 00000003 00000000 00000000 0001 03 19645
0000000000000000: 00000002 00000000 00000000 0002 03 16254
0000000000000000: 00000003 00000000 00000000 0005 03 15363
0000000000000000: 00000003 00000000 00000000 0005 03 13731 @jdwp-control
0000000000000000: 00000002 00000000 00000000 0002 03 10006
0000000000000000: 00000002 00000000 00010000 0005 01  4458 /dev/socket/tombstoned_crash
0000000000000000: 00000002 00000000 00010000 0005 01  4459 /dev/socket/tombstoned_intercept
0000000000000000: 00000003 00000000 00000000 0005 03 31905
0000000000000000: 00000003 00000000 00000000 0005 03 13881 @jdwp-control
0000000000000000: 00000003 00000000 00000000 0005 03 13728
0000000000000000: 00000003 00000000 00000000 0001 03 13533
0000000000000000: 00000002 00000000 00010000 0005 01  4461 /dev/socket/tombstoned_java_trace
0000000000000000: 00000002 00000000 00000000 0002 03  3505
0000000000000000: 00000002 00000000 00010000 0001 01  5490 /dev/socket/dnsproxyd
0000000000000000: 00000002 00000000 00000000 0002 03  9611
0000000000000000: 00000003 00000000 00000000 0001 03  6216
0000000000000000: 00000002 00000000 00000000 0001 01  5491 /dev/socket/mdns
0000000000000000: 00000002 00000000 00000000 0002 03 18782
0000000000000000: 00000003 00000000 00000000 0005 03 16285
0000000000000000: 00000002 00000000 00010000 0001 01  5492 /dev/socket/fwmarkd
0000000000000000: 00000003 00000000 00000000 0001 03 32036
0000000000000000: 00000003 00000000 00000000 0005 03 13581
0000000000000000: 00000002 00000000 00000000 0002 03  9783
0000000000000000: 00000045 00000000 00000000 0002 03  5504 /dev/socket/statsdw
0000000000000000: 00000003 00000000 00000000 0005 03 32052
0000000000000000: 00000002 00000000 00010000 0001 01  5520 /dev/socket/zygote
0000000000000000: 00000003 00000000 00000000 0005 03 13582 /dev/socket/adbd
0000000000000000: 00000002 00000000 00010000 0001 01  5521 /dev/socket/usap_pool_primary
0000000000000000: 00000003 00000000 00000000 0001 03 32351
0000000000000000: 00000003 00000000 00000000 0005 03 15250
0000000000000000: 00000003 00000000 00000000 0001 03 32043
0000000000000000: 00000002 00000000 00000000 0002 03  9786
0000000000000000: 00000002 00000000 00000000 0002 03 27445
0000000000000000: 00000002 00000000 00010000 0001 01  7890 /dev/socket/traced_consumer
0000000000000000: 00000002 00000000 00000000 0002 03  9620
0000000000000000: 00000002 00000000 00010000 0001 01  7891 /dev/socket/traced_producer
0000000000000000: 00000003 00000000 00000000 0001 03 19644
0000000000000000: 00000003 00000000 00000000 0005 03 14383
0000000000000000: 00000003 00000000 00000000 0001 03  8221 /dev/socket/traced_producer
0000000000000000: 00000003 00000000 00000000 0005 03 13631
0000000000000000: 00000002 00000000 00010000 0001 01  8775 /dev/socket/mdnsd
0000000000000000: 00000002 00000000 00000000 0002 03  3406
0000000000000000: 00000002 00000000 00010000 0001 01 12559 /dev/socket/ot-daemon/thread-wpan.sock
0000000000000000: 00000003 00000000 00000000 0005 03 26091
0000000000000000: 00000002 00000000 00000000 0002 01 13205 /dev/socket/wpa_wlan0
0000000000000000: 00000003 00000000 00000000 0001 03 12910 @com.android.internal.os.WebViewZygoteInit/6c5c48db-bd7e-4f78-b407-ded5a235b29a
0000000000000000: 00000003 00000000 00000000 0005 03 18732
0000000000000000: 00000003 00000000 00000000 0005 03 13730
0000000000000000: 00000002 00000000 00010000 0005 01 13487 /dev/socket/adbd
0000000000000000: 00000002 00000000 00000000 0002 03 27845
0000000000000000: 00000002 00000000 00000000 0002 03 26408
0000000000000000: 00000003 00000000 00000000 0005 03 16500
0000000000000000: 00000003 00000000 00000000 0001 03 32044
0000000000000000: 00000003 00000000 00000000 0005 03 12920
0000000000000000: 00000002 00000000 00000000 0002 03  9806
0000000000000000: 00000003 00000000 00000000 0005 03 14382
0000000000000000: 00000003 00000000 00000000 0001 03  8220
0000000000000000: 00000002 00000000 00000000 0002 03 15941
0000000000000000: 00000003 00000000 00000000 0001 03  9616 /dev/socket/traced_producer
0000000000000000: 00000003 00000000 00000000 0005 03 31904
0000000000000000: 00000002 00000000 00000000 0002 03 19524
0000000000000000: 00000003 00000000 00000000 0001 03 32040
0000000000000000: 00000002 00000000 00000000 0002 03 25848
0000000000000000: 00000003 00000000 00000000 0001 03 13603
0000000000000000: 00000003 00000000 00000000 0005 03 26169
0000000000000000: 00000002 00000000 00000000 0002 03 12656
0000000000000000: 00000003 00000000 00000000 0005 03 12506
0000000000000000: 00000002 00000000 00000000 0002 03 14513
0000000000000000: 00000003 00000000 00000000 0001 03 32012
0000000000000000: 00000002 00000000 00000000 0002 03 16808
0000000000000000: 00000003 00000000 00000000 0001 03 13859
0000000000000000: 00000002 00000000 00000000 0002 03 26416
0000000000000000: 00000003 00000000 00000000 0005 03 19001
0000000000000000: 00000002 00000000 00000000 0002 03 18711
0000000000000000: 00000002 00000000 00000000 0002 01 12882
0000000000000000: 00000003 00000000 00000000 0005 03 10861
0000000000000000: 00000003 00000000 00000000 0005 03 15361
0000000000000000: 00000003 00000000 00000000 0001 03 13595
0000000000000000: 00000002 00000000 00000000 0002 03 18919
0000000000000000: 00000002 00000000 00000000 0002 03 10010
0000000000000000: 00000003 00000000 00000000 0001 03 32039
0000000000000000: 00000002 00000000 00000000 0002 03 16785
0000000000000000: 00000002 00000000 00000000 0002 03 16089
0000000000000000: 00000003 00000000 00000000 0005 03 14619
0000000000000000: 00000003 00000000 00000000 0001 03 13648
0000000000000000: 00000003 00000000 00000000 0001 03  9799
0000000000000000: 00000003 00000000 00000000 0005 03  1285
0000000000000000: 00000003 00000000 00000000 0005 03 13630
0000000000000000: 00000003 00000000 00000000 0005 03 26433
0000000000000000: 00000002 00000000 00000000 0002 03 19555
0000000000000000: 00000002 00000000 00000000 0002 03 16858
0000000000000000: 00000002 00000000 00000000 0002 03 31976
0000000000000000: 00000002 00000000 00000000 0002 03 12595
0000000000000000: 00000002 00000000 00000000 0002 03 18953
0000000000000000: 00000003 00000000 00000000 0005 03  1286
0000000000000000: 00000003 00000000 00000000 0001 03 26328
0000000000000000: 00000002 00000000 00000000 0002 03 16016
0000000000000000: 00000003 00000000 00000000 0001 03  7934
0000000000000000: 00000003 00000000 00000000 0001 03 26329 @com.android.internal.os.AppZygoteInit/da34e955-7fe5-4a4a-8555-86be02c0b0c6
0000000000000000: 00000003 00000000 00000000 0005 03 26195
0000000000000000: 00000002 00000000 00000000 0002 03 16302
0000000000000000: 00000002 00000000 00000000 0002 03 14486
0000000000000000: 00000003 00000000 00000000 0005 03 10981
0000000000000000: 00000003 00000000 00000000 0001 03 32349
0000000000000000: 00000003 00000000 00000000 0005 03 13743
0000000000000000: 00000002 00000000 00000000 0002 03 15021
0000000000000000: 00000002 00000000 00010000 0001 01 12724 /data/system/ndebugsocket
0000000000000000: 00000003 00000000 00000000 0005 03 13380
0000000000000000: 00000002 00000000 00000000 0002 03  7884
0000000000000000: 00000002 00000000 00000000 0002 03 17831
0000000000000000: 00000002 00000000 00000000 0002 03 16699
0000000000000000: 00000003 00000000 00000000 0005 03 31729
0000000000000000: 00000003 00000000 00000000 0001 03 16865 /dev/socket/traced_producer
0000000000000000: 00000003 00000000 00000000 0005 03 13878
0000000000000000: 00000003 00000000 00000000 0005 03 13671
0000000000000000: 00000002 00000000 00000000 0002 03 13246
0000000000000000: 00000003 00000000 00000000 0001 03 12772
0000000000000000: 00000003 00000000 00000000 0005 03 15440
0000000000000000: 00000003 00000000 00000000 0005 03 11015
0000000000000000: 00000002 00000000 00000000 0002 03 13464
0000000000000000: 00000002 00000000 00000000 0002 03  6387
0000000000000000: 00000002 00000000 00000000 0002 03 14747
0000000000000000: 00000002 00000000 00000000 0002 03 16675
0000000000000000: 00000002 00000000 00000000 0002 03 13875
0000000000000000: 00000002 00000000 00000000 0002 03 19423
0000000000000000: 00000003 00000000 00000000 0005 03 13145
0000000000000000: 00000002 00000000 00000000 0002 03 17635
0000000000000000: 00000002 00000000 00000000 0002 03 13067
0000000000000000: 00000003 00000000 00000000 0005 03 31884
0000000000000000: 00000003 00000000 00000000 0005 03 18168
0000000000000000: 00000003 00000000 00000000 0005 03 13719
0000000000000000: 00000003 00000000 00000000 0001 03 10014 /dev/socket/traced_producer
0000000000000000: 00000003 00000000 00000000 0005 03 13646
0000000000000000: 00000002 00000000 00000000 0002 03  7258
0000000000000000: 00000002 00000000 00000000 0002 03  5942
0000000000000000: 00000003 00000000 00000000 0005 03 15439
0000000000000000: 00000003 00000000 00000000 0005 03 11014
0000000000000000: 00000002 00000000 00000000 0002 03 19267
0000000000000000: 00000003 00000000 00000000 0005 03 13146
0000000000000000: 00000002 00000000 00000000 0002 03 20309
0000000000000000: 00000002 00000000 00000000 0002 03 10992
0000000000000000: 00000002 00000000 00000000 0005 03 15506
0000000000000000: 00000002 00000000 00000000 0002 03  7257
0000000000000000: 00000002 00000000 00000000 0002 03  4483
0000000000000000: 00000003 00000000 00000000 0005 03 31869
0000000000000000: 00000003 00000000 00000000 0005 03 18169
0000000000000000: 00000003 00000000 00000000 0005 03 16713
0000000000000000: 00000003 00000000 00000000 0001 03 15430 /dev/socket/traced_producer
0000000000000000: 00000003 00000000 00000000 0005 03 13810
0000000000000000: 00000003 00000000 00000000 0001 03 12773 /dev/socket/traced_producer
0000000000000000: 00000002 00000000 00000000 0002 03 17376
0000000000000000: 00000002 00000000 00000000 0002 03 13084
0000000000000000: 00000002 00000000 00000000 0002 03 19714
0000000000000000: 00000002 00000000 00000000 0002 03 18377
0000000000000000: 00000002 00000000 00000000 0002 03 19424
0000000000000000: 00000003 00000000 00000000 0005 03 13647
0000000000000000: 00000003 00000000 00000000 0005 03 12921
0000000000000000: 00000002 00000000 00000000 0002 03 31862
0000000000000000: 00000002 00000000 00000000 0002 03 15247
0000000000000000: 00000002 00000000 00000000 0002 03  7929
0000000000000000: 00000002 00000000 00000000 0002 03 13436
0000000000000000: 00000002 00000000 00000000 0002 03  7392
0000000000000000: 00000003 00000000 00000000 0001 03 17368 /dev/socket/traced_producer
0000000000000000: 00000003 00000000 00000000 0005 03 11017
0000000000000000: 00000002 00000000 00000000 0002 03 17677
0000000000000000: 00000003 00000000 00000000 0005 03 16709
0000000000000000: 00000003 00000000 00000000 0005 03 13809
0000000000000000: 00000003 00000000 00000000 0005 03 13718
0000000000000000: 00000003 00000000 00000000 0001 03  9810 /dev/socket/traced_producer
0000000000000000: 00000002 00000000 00010000 0001 01  1269 /dev/socket/property_service_for_system
0000000000000000: 00000003 00000000 00000000 0001 03 26197
0000000000000000: 00000003 00000000 00000000 0001 03 12645
0000000000000000: 00000002 00000000 00010000 0001 01  1272 /dev/socket/property_service
0000000000000000: 00000002 00000000 00000000 0002 03 17119
0000000000000000: 00000003 00000000 00000000 0005 03 16724
0000000000000000: 00000003 00000000 00000000 0005 03 13821
0000000000000000: 00000003 00000000 00000000 0001 03  3280
0000000000000000: 00000002 00000000 00000000 0002 03  4264
0000000000000000: 00000002 00000000 00000000 0002 03 16280
0000000000000000: 00000003 00000000 00000000 0005 03 13406
0000000000000000: 00000002 00000000 00000000 0002 03 15534
0000000000000000: 00000002 00000000 00000000 0002 03  8379
0000000000000000: 00000002 00000000 00000000 0002 03 19723
0000000000000000: 00000002 00000000 00000000 0002 03 19079
0000000000000000: 00000003 00000000 00000000 0005 03 13366
0000000000000000: 00000002 00000000 00000000 0002 03 32048
0000000000000000: 00000002 00000000 00000000 0002 03 18143
0000000000000000: 00000003 00000000 00000000 0005 03 19025
0000000000000000: 00000002 00000000 00000000 0002 03 17044
0000000000000000: 00000002 00000000 00000000 0002 03 13348
0000000000000000: 00000002 00000000 00000000 0002 03  6215
0000000000000000: 00000002 00000000 00000000 0002 03  7033
0000000000000000: 00000003 00000000 00000000 0005 03 14973
0000000000000000: 00000002 00000000 00000000 0002 03  7614
0000000000000000: 00000002 00000000 00000000 0002 03 16229
0000000000000000: 00000002 00000000 00000000 0002 03 19619
0000000000000000: 00000002 00000000 00000000 0002 03 18002
0000000000000000: 00000003 00000000 00000000 0005 03 12956
0000000000000000: 00000002 00000000 00000000 0002 03 19724
0000000000000000: 00000002 00000000 00000000 0002 03 12946
0000000000000000: 00000002 00000000 00000000 0002 03  6282
0000000000000000: 00000003 00000000 00000000 0005 03 15428
0000000000000000: 00000002 00000000 00000000 0002 03  6803
0000000000000000: 00000003 00000000 00000000 0005 03 13879
0000000000000000: 00000003 00000000 00000000 0001 03 12494
0000000000000000: 00000003 00000000 00000000 0005 03 31867
0000000000000000: 00000003 00000000 00000000 0001 03 26198 /dev/socket/traced_producer
0000000000000000: 00000002 00000000 00000000 0002 03 17009
0000000000000000: 00000003 00000000 00000000 0005 03 13857
0000000000000000: 00000003 00000000 00000000 0001 03 13629
0000000000000000: 00000003 00000000 00000000 0005 03 11023
0000000000000000: 00000002 00000000 00000000 0002 03 19925
0000000000000000: 00000002 00000000 00000000 0002 03 16518
0000000000000000: 00000003 00000000 00000000 0005 03 13365
0000000000000000: 00000002 00000000 00000000 0002 03 18102
0000000000000000: 00000003 00000000 00000000 0005 03 19003 @jdwp-control
0000000000000000: 00000003 00000000 00000000 0005 03 13410
0000000000000000: 00000002 00000000 00000000 0002 03 14978
0000000000000000: 00000002 00000000 00000000 0002 03  8136
0000000000000000: 00000003 00000000 00000000 0005 03 31879
0000000000000000: 00000003 00000000 00000000 0005 03 13820
0000000000000000: 00000002 00000000 00000000 0002 03 13569
0000000000000000: 00000003 00000000 00000000 0005 03 12505
0000000000000000: 00000002 00000000 00000000 0002 03  7076
0000000000000000: 00000003 00000000 00000000 0005 03 15398
0000000000000000: 00000003 00000000 00000000 0001 03 20288
0000000000000000: 00000003 00000000 00000000 0005 03 13650
0000000000000000: 00000003 00000000 00000000 0005 03 12976
0000000000000000: 00000002 00000000 00000000 0002 03 19930
0000000000000000: 00000002 00000000 00000000 0002 03 19067
0000000000000000: 00000003 00000000 00000000 0005 03 19000
0000000000000000: 00000002 00000000 00000000 0002 03 14872
0000000000000000: 00000002 00000000 00000000 0002 03  8182
0000000000000000: 00000002 00000000 00000000 0002 03 15965
0000000000000000: 00000003 00000000 00000000 0001 03 13649
0000000000000000: 00000002 00000000 00000000 0002 03  8445
0000000000000000: 00000003 00000000 00000000 0001 03  6217
0000000000000000: 00000002 00000000 00000000 0002 01 26323
0000000000000000: 00000002 00000000 00000000 0002 03 18720
0000000000000000: 00000003 00000000 00000000 0001 03 23720 /dev/socket/traced_producer
0000000000000000: 00000003 00000000 00000000 0001 03 32355
0000000000000000: 00000003 00000000 00000000 0005 03 26168
0000000000000000: 00000003 00000000 00000000 0005 03 15362
0000000000000000: 00000002 00000000 00000000 0002 03 16463
0000000000000000: 00000003 00000000 00000000 0001 03 13420
0000000000000000: 00000002 00000000 00000000 0002 03 12860
0000000000000000: 00000003 00000000 00000000 0005 03 10860
0000000000000000: 00000002 00000000 00000000 0002 03 14613
0000000000000000: 00000003 00000000 00000000 0001 03 13860 /dev/socket/traced_producer
0000000000000000: 00000002 00000000 00000000 0002 03 16774
0000000000000000: 00000003 00000000 00000000 0005 03 32047
0000000000000000: 00000003 00000000 00000000 0001 03 23719
0000000000000000: 00000003 00000000 00000000 0005 03 32031
0000000000000000: 00000003 00000000 00000000 0005 03 16183
0000000000000000: 00000003 00000000 00000000 0005 03 15249
0000000000000000: 00000002 00000000 00000000 0002 03 19602
0000000000000000: 00000002 00000000 00000000 0002 03 18728
0000000000000000: 00000003 00000000 00000000 0005 03 12626
0000000000000000: 00000002 00000000 00000000 0002 01  9981
0000000000000000: 00000003 00000000 00000000 0001 03 32020 /dev/socket/traced_producer
0000000000000000: 00000002 00000000 00000000 0002 03  8994
0000000000000000: 00000003 00000000 00000000 0005 03 13880
0000000000000000: 00000003 00000000 00000000 0001 03  9615
0000000000000000: 00000002 00000000 00000000 0002 03  6375
0000000000000000: 00000003 00000000 00000000 0001 03 32350
0000000000000000: 00000003 00000000 00000000 0005 03 26196
0000000000000000: 00000003 00000000 00000000 0005 03 15359
0000000000000000: 00000003 00000000 00000000 0005 03 26434
0000000000000000: 00000002 00000000 00000000 0002 03 16478
0000000000000000: 00000003 00000000 00000000 0001 03 12909
0000000000000000: 00000002 00000000 00000000 0002 03 18439
0000000000000000: 00000002 00000000 00000000 0002 03 12900
0000000000000000: 00000003 00000000 00000000 0005 03 12627
0000000000000000: 00000003 00000000 00000000 0005 03 14618
0000000000000000: 00000002 00000000 00000000 0002 03 13583
0000000000000000: 00000003 00000000 00000000 0005 03 16182
0000000000000000: 00000003 00000000 00000000 0001 03 13447 /dev/socket/traced_producer
0000000000000000: 00000002 00000000 00000000 0002 01  3282
0000000000000000: 00000002 00000000 00000000 0002 03 16342
0000000000000000: 00000003 00000000 00000000 0005 03 15360
0000000000000000: 00000003 00000000 00000000 0005 03 32046
0000000000000000: 00000003 00000000 00000000 0005 03 13729
0000000000000000: 00000003 00000000 00000000 0001 03 13421 /dev/socket/traced_producer
0000000000000000: 00000002 00000000 00000000 0002 03 18191
0000000000000000: 00000002 00000000 00000000 0002 03  3502
0000000000000000: 00000003 00000000 00000000 0005 03 32051
0000000000000000: 00000003 00000000 00000000 0005 03 18736 @jdwp-control
0000000000000000: 00000003 00000000 00000000 0001 03 13884
0000000000000000: 00000002 00000000 00000000 0002 03  9216
0000000000000000: 00000003 00000000 00000000 0001 03  7283
0000000000000000: 00000003 00000000 00000000 0005 03 16284
0000000000000000: 00000002 00000000 00000000 0002 03  9797
0000000000000000: 00000003 00000000 00000000 0005 03 18840
0000000000000000: 00000002 00000000 00000000 0002 03 18417
0000000000000000: 00000003 00000000 00000000 0001 03 13602
0000000000000000: 00000003 00000000 00000000 0005 03 13744
0000000000000000: 00000002 00000000 00000000 0002 03 14422
0000000000000000: 00000003 00000000 00000000 0005 03  1268
0000000000000000: 00000003 00000000 00000000 0001 03 13885
0000000000000000: 00000002 00000000 00000000 0002 03 12607
0000000000000000: 00000003 00000000 00000000 0001 03  7935
0000000000000000: 00000002 00000000 00000000 0002 03 30031
0000000000000000: 00000003 00000000 00000000 0005 03 12660
0000000000000000: 00000003 00000000 00000000 0005 03 10982 /dev/socket/lmkd
0000000000000000: 00000003 00000000 00000000 0001 03 32019
0000000000000000: 00000003 00000000 00000000 0005 03 16288 @jdwp-control
0000000000000000: 00000003 00000000 00000000 0005 03 32032
0000000000000000: 00000003 00000000 00000000 0001 03 13446
0000000000000000: 00000003 00000000 00000000 0001 03 32352
0000000000000000: 00000003 00000000 00000000 0005 03 26090
0000000000000000: 00000003 00000000 00000000 0005 03 18839
0000000000000000: 00000002 00000000 00000000 0002 03 15263
0000000000000000: 00000003 00000000 00000000 0001 03 32037 /dev/socket/traced_producer
0000000000000000: 00000002 00000000 00000000 0002 03  9789
0000000000000000: 00000002 00000000 00000000 0002 03 17808
0000000000000000: 00000003 00000000 00000000 0001 03  7284
0000000000000000: 00000003 00000000 00000000 0005 03 12659
0000000000000000: 00000003 00000000 00000000 0005 03  1267
0000000000000000: 00000002 00000000 00000000 0002 03 14407
0000000000000000: 00000002 00000000 00000000 0002 03  3498
0000000000000000: 00000003 00000000 00000000 0005 03 26226
0000000000000000: 00000003 00000000 00000000 0005 03 18735
0000000000000000: 00000003 00000000 00000000 0001 03 13596
0000000000000000: 00000002 00000000 00000000 0002 03 12672
0000000000000000: 00000002 00000000 00000000 0002 03 31971
0000000000000000: 00000003 00000000 00000000 0001 03 32011
0000000000000000: 00000003 00000000 00000000 0005 03 16283
0000000000000000: 00000003 00000000 00000000 0001 03  9800 /dev/socket/traced_producer
0000000000000000: 00000002 00000000 00000000 0002 03 15640
0000000000000000: 00000002 00000000 00000000 0002 03  9621
0000000000000000: 00000002 00000000 00010000 0001 01 31986 @webview_devtools_remote_6352
0000000000000000: 00000002 00000000 00010000 0001 01 12885 @com.android.internal.os.WebViewZygoteInit/6c5c48db-bd7e-4f78-b407-ded5a235b29a
0000000000000000: 00000002 00000000 00010000 0001 01 18842 @stetho_com.google.android.apps.messaging_devtools_remote
0000000000000000: 00000002 00000000 00010000 0001 01 19027 @stetho_com.google.android.apps.messaging:rcs_devtools_remote
0000000000000000: 00000002 00000000 00010000 0005 01 13532 @jdwp-control
0000000000000000: 00000002 00000000 00010000 0001 01 26325 @com.android.internal.os.AppZygoteInit/da34e955-7fe5-4a4a-8555-86be02c0b0c6
